stimulusID,morphID,RT,trialNumber,blockNumber,stimLocationDeg,shifted_stimulusID,shifted_stimLocationDeg,shifted_morphID,Error,responseError,Stim_diff,Stim_Loc_diff,bootstrap_values,Running_Mean,slopes,intercepts,DoVM
34.0,30.0,3.982812881,1.0,1.0,138.0,17.0,153.0,10.0,-7.0,0.08574079303647864,17.0,-15.0,0.39728648995506216,4.179566574181803,-0.0015754797900881384,2.31498085355588,-0.002102011375297077
102.0,118.0,7.1843419079999995,2.0,1.0,265.0,32.0,166.0,29.0,-3.0,-0.6159677398892427,70.0,99.0,-1.3935965384456819,3.550446831801838,-0.11935195677445812,0.9567339673728082,-0.0031760961964126273
114.0,102.0,5.083265066,3.0,1.0,139.0,72.0,277.0,40.0,-32.0,-35.72589804239044,42.0,-138.0,1.7174946202607335,3.405666996233986,0.12619204211067392,-0.9658867638564589,-0.004278156548429121
17.0,10.0,13.05006289,4.0,1.0,153.0,25.0,184.0,21.0,-4.0,0.8466741463574863,-8.0,-31.0,-0.5895775064309557,2.582578036164894,-0.17247940245950252,2.3666284634820465,-0.005417987302651714
32.0,29.0,7.4699797629999996,5.0,1.0,166.0,146.0,145.0,11.0,11.0,6.748912617603082,32.0,21.0,-1.8619522247345817,1.3214030425989527,-0.19989801157828474,-1.3792391048092196,-0.006605790020898244
72.0,40.0,3.649569035,6.0,1.0,277.0,52.0,151.0,43.0,-9.0,-2.135233900952585,20.0,126.0,-1.1507306939858777,0.2608424212371632,-0.05407213705048048,-1.8460974427654993,-0.007852279614835068
25.0,21.0,7.099412918,7.0,1.0,184.0,36.0,187.0,25.0,-11.0,-8.87050257709086,-11.0,-3.0,1.4215566112442402,0.6919792639432787,0.05167987325396566,-1.087537262509155,-0.009168794116072717
146.0,11.0,6.100432873,8.0,1.0,145.0,138.0,267.0,15.0,23.0,19.49185523897836,8.0,-122.0,0.3299008925170344,0.9175938801872492,-0.06654214838961799,-0.9587363479258358,-0.01056740795174805
52.0,43.0,4.532100916,9.0,1.0,151.0,93.0,193.0,110.0,17.0,3.0322504209728436,-41.0,-42.0,-1.6550921966767715,1.7393954470006308,-0.15964784570380025,-0.38531373481571574,-0.012061048978776086
36.0,25.0,2.032066107,10.0,1.0,187.0,20.0,172.0,18.0,-2.0,4.721977936987628,16.0,15.0,0.9165812320451913,1.030909084874571,0.05009657093033772,2.339617398989275,-0.01366361935021745
138.0,15.0,3.367455006,11.0,1.0,267.0,53.0,48.0,43.0,-10.0,-2.9829019573259643,-61.0,-141.0,3.067381620731019,-0.14555968386376117,0.2824037844641534,3.4898632039777584,-0.015390120062574366
93.0,110.0,5.55307126,12.0,1.0,193.0,96.0,153.0,108.0,12.0,0.03554843562631049,-3.0,40.0,-1.270128198856911,0.1252537112094933,-0.25231613643926953,-1.1007259528683333,-0.01725677875575229
20.0,18.0,8.034552813,13.0,1.0,172.0,11.0,76.0,11.0,0.0,5.116252084487044,9.0,96.0,3.2240896050055343,0.06488277427171538,0.11068765331122457,0.7374123741828031,-0.019281179999637903
53.0,43.0,3.690018177,14.0,1.0,48.0,67.0,239.0,72.0,5.0,6.291089360247895,-14.0,169.0,2.3760562948981803,-0.1385179280174505,0.16273941807079295,0.4368265543449087,-0.021482396893957117
96.0,108.0,7.699289082999999,15.0,1.0,153.0,133.0,113.0,5.0,18.0,16.798251890787355,-37.0,40.0,-0.5731119459226455,-0.0968426926018308,0.013767029277464437,-1.404602890763752,-0.023881122322267995
11.0,11.0,9.533097982000001,16.0,1.0,76.0,6.0,46.0,5.0,-1.0,2.001230906945601,5.0,30.0,2.3713802338445746,1.2349390843266599,0.09923334160952132,-0.5121350614061467,-0.02649979762774996
67.0,72.0,3.9664909839999996,17.0,1.0,239.0,27.0,291.0,30.0,3.0,6.98173930925492,40.0,-52.0,1.0649378872101423,1.7845121473254633,-0.013166758124820155,0.41835345653585976,-0.029362735809723237
133.0,5.0,5.053743839,18.0,1.0,113.0,90.0,209.0,115.0,25.0,9.962477369933595,43.0,-96.0,3.162550699141982,0.8324816932601583,0.13106851315039705,1.4146084662827312,-0.03249623556882125
6.0,5.0,7.767245054,19.0,1.0,46.0,63.0,206.0,69.0,6.0,10.445874967823045,-57.0,-160.0,3.1627466673642513,0.519711779205065,0.0667348544567294,0.9266420788738056,-0.035928681650993256
27.0,30.0,4.683519125,20.0,1.0,291.0,118.0,176.0,112.0,-6.0,1.2839172600174606,55.0,115.0,2.565768113923802,0.6726236499853628,0.19280221794059682,-2.0540354399949896,-0.03969062595496914
90.0,115.0,6.183728932999999,21.0,1.0,209.0,58.0,236.0,41.0,-17.0,-10.274135463318316,32.0,-27.0,1.7016695348773434,0.972811417558187,-0.03192423033378597,1.2258639413074068,-0.043814842778116675
63.0,69.0,6.632874012,22.0,1.0,206.0,134.0,193.0,3.0,15.0,13.149874594126686,-71.0,13.0,-1.9837693277404729,0.3022910039196205,-0.09690544183222949,0.8990567440614383,-0.04833635039162952
118.0,112.0,1.685562134,23.0,1.0,176.0,66.0,61.0,69.0,3.0,5.1731284290387975,52.0,115.0,1.4948222069653807,0.8136236916547396,-0.06406763007050888,0.391543140328242,-0.05329238987556176
58.0,41.0,4.448875903999999,24.0,1.0,236.0,51.0,19.0,48.0,-3.0,3.6547382269845343,7.0,-143.0,2.6588646709724624,0.21705714177915303,0.044039453342108584,2.1344537848219183,-0.05872235083509254
134.0,3.0,3.6837718489999998,25.0,1.0,193.0,137.0,68.0,8.0,17.0,13.751367305630652,-3.0,125.0,-0.6915383805427007,-1.0974929878567015,0.0013635653565812443,0.5893157395593415,-0.0646676323011911
66.0,69.0,5.066495895,26.0,1.0,61.0,21.0,290.0,28.0,7.0,13.437338192978132,45.0,131.0,2.4360110055129915,-0.2409285469366923,0.13341137225740504,0.5582850273315849,-0.07117142584509192
51.0,48.0,5.682685137000001,27.0,1.0,19.0,89.0,73.0,107.0,18.0,2.828743850072499,-38.0,-54.0,1.0736348640433553,-0.07207816477894335,0.18368699540535857,-0.8668807794014521,-0.07827840677598111
137.0,8.0,1.300987244,28.0,1.0,68.0,15.0,286.0,21.0,6.0,12.825048368527348,-24.0,142.0,2.3409114667688278,-1.0732203007558598,0.15137404972258847,1.3640061856799484,-0.08603431833168414
21.0,28.0,3.6183857919999998,29.0,1.0,290.0,76.0,176.0,123.0,47.0,39.07537429663773,-55.0,114.0,1.7101629508617902,-1.8313486274656787,0.09465813100246803,0.11486451904633405,-0.09448543311785643
89.0,107.0,5.450883865,30.0,1.0,73.0,43.0,26.0,53.0,10.0,13.840024477594568,46.0,47.0,0.7847008685339408,-3.842743102301734,0.034597487992096505,0.4697191901765926,-0.10367787582556412
15.0,21.0,5.886766195,31.0,1.0,286.0,9.0,149.0,5.0,-4.0,-0.026345538784426026,6.0,137.0,1.665345388990868,-3.03618856421024,0.04691522028082755,-0.5123486901803578,-0.1136567916008999
76.0,123.0,4.351082325,32.0,1.0,176.0,129.0,260.0,89.0,-40.0,-38.08814465637977,-53.0,-84.0,2.1568017510008457,-0.8000675940171584,0.008055553551597372,-1.0987945178698313,-0.12446534550883562
43.0,53.0,3.531216145,33.0,1.0,26.0,147.0,13.0,3.0,2.0,-3.0081179841414496,42.0,13.0,0.9608112107845093,-1.3345333221027684,0.026478789158357323,0.535253724953658,-0.13614354049246946
9.0,5.0,2.352702141,34.0,1.0,149.0,73.0,254.0,72.0,-1.0,-5.789244503697262,-64.0,-105.0,-0.9670541578070199,-1.3334304122934373,-0.08524303055569994,-0.5939737756311075,-0.14872684424715685
129.0,89.0,3.635960102,35.0,1.0,260.0,49.0,268.0,48.0,-1.0,5.090019155687571,-66.0,-8.0,0.4249748184153053,-1.6364579284225127,0.01825866782492714,-0.2092058664946482,-0.16224461966966464
147.0,3.0,7.299080849,36.0,1.0,13.0,56.0,125.0,53.0,-3.0,4.069983259067953,-55.0,-112.0,2.5388490942388424,-2.0952790558371133,0.171318212146027,0.6614241095267472,-0.17671835915027076
73.0,72.0,5.481667757,37.0,1.0,254.0,80.0,81.0,124.0,44.0,32.394862081838596,-7.0,173.0,0.9353371511047056,-3.0373295179406745,0.07975191399966258,-0.6656544919799482,-0.19215973006244633
49.0,48.0,5.417860985,38.0,1.0,268.0,81.0,64.0,115.0,34.0,21.627403377845496,-32.0,-156.0,2.469687223021592,-3.484642093200227,0.15896507267007298,0.40167070166848057,-0.20856844743185185
56.0,53.0,4.098658085,39.0,1.0,125.0,7.0,161.0,8.0,1.0,4.122637791102012,49.0,-36.0,1.031038506802732,-2.869782654636227,0.06876616684259133,2.544509439727998,-0.22592999992559037
80.0,124.0,5.166377068,40.0,1.0,81.0,105.0,24.0,114.0,9.0,6.606458627034613,-25.0,57.0,2.3590676871548495,-2.6885613707318017,-0.09221202769689948,-4.088993414951213,-0.24421326689567815
81.0,115.0,3.86560607,41.0,1.0,64.0,95.0,128.0,102.0,7.0,-5.727555013580343,-14.0,-64.0,1.9554281948469578,-2.6285942140665806,0.0996990832969534,2.6934098329584546,-0.26336807702899784
7.0,8.0,5.582637072000001,42.0,1.0,161.0,97.0,199.0,110.0,13.0,1.8846936121181557,56.0,-38.0,-0.9871100098728809,-2.3024445431387384,-0.1611439749644067,2.4571294795601593,-0.2833227728627638
105.0,114.0,7.300291061,43.0,1.0,24.0,65.0,322.0,41.0,-24.0,-21.00307846298068,40.0,62.0,2.5371395945693593,-3.2261259655792447,0.3192846633904087,-3.4056235431574793,-0.3039818595405071
95.0,102.0,2.3991079330000002,44.0,1.0,128.0,61.0,117.0,39.0,-22.0,-16.401055389878536,34.0,11.0,-1.4930517215317636,-3.56534873042705,-0.13338517866118219,-0.5197278365299114,-0.3252238300796601
97.0,110.0,4.221578836,45.0,1.0,199.0,106.0,166.0,121.0,15.0,13.76362373948109,-9.0,33.0,-1.0102547484489621,-3.918874334535154,-0.14706600037899478,-1.6277549677952041,-0.3468992723204621
65.0,41.0,4.566416025,46.0,1.0,322.0,48.0,247.0,49.0,1.0,6.751062572002297,17.0,75.0,-2.1708454753233792,-1.0964802596117496,-0.1683026709294229,0.25248715745225847,-0.36882937371442465
61.0,39.0,3.850211859,47.0,1.0,117.0,12.0,191.0,145.0,-13.0,-7.339242982497062,49.0,-74.0,-3.4602288666786523,-1.6251319836639482,-0.17500433936566914,0.4942253029351083,-0.3908049481681365
106.0,121.0,4.53451705,48.0,1.0,166.0,70.0,152.0,35.0,-35.0,-36.63137830341611,36.0,14.0,2.337850358985035,-3.225121746532744,0.16613021123510216,-1.0446240539061193,-0.4125861131981819
48.0,49.0,3.40068984,49.0,1.0,247.0,122.0,23.0,133.0,11.0,17.60724434318604,72.0,-136.0,0.6565728516538655,-1.754448576498619,0.025952715760262375,-0.8261659923180633,-0.4339027445816088
12.0,145.0,4.33899641,50.0,1.0,191.0,37.0,42.0,43.0,6.0,8.224220863407993,-25.0,149.0,2.9116761024932165,-0.8557567503337768,0.05287147831147853,-0.2626424904899448,-0.4544558284763401
70.0,35.0,5.248898028999999,51.0,1.0,152.0,132.0,80.0,119.0,-13.0,-13.4840009010303,-62.0,72.0,-2.2024603777047806,0.13906763424255464,-0.028135618301613947,0.7490763372019182,-0.47391981676286526
122.0,133.0,3.2158007619999998,52.0,1.0,23.0,78.0,342.0,98.0,20.0,10.131162385020616,44.0,41.0,0.5590093366134125,-0.5715662802152828,0.012467760047848787,-0.5367441290222902,-0.4919460694962288
37.0,43.0,5.965177059,53.0,1.0,42.0,101.0,125.0,94.0,-7.0,-14.037357907092087,-64.0,-83.0,0.6457335814645692,-1.9188468008158688,0.08968978457418202,0.392681470708198,-0.5081674385752113
132.0,119.0,2.999758959,54.0,1.0,80.0,103.0,317.0,100.0,-3.0,-7.738132965336149,29.0,123.0,0.8962453888774603,-1.9188468008158688,0.12839485882989374,2.116528620264653,-0.5222040091908172
78.0,98.0,4.050165892,55.0,1.0,342.0,112.0,62.0,97.0,-15.0,-10.303878983612435,-34.0,-80.0,1.583922060865255,-1.6291898407718985,0.040519241927404984,-1.162545516037371,-0.5336699709809635
101.0,94.0,4.765371084,56.0,1.0,125.0,23.0,286.0,18.0,-5.0,0.7030693498302867,-68.0,-161.0,1.441697195343344,-1.6042292028999463,0.1261903717671244,0.594330778623407,-0.5421815403325394
103.0,100.0,2.9497997760000003,57.0,1.0,317.0,130.0,30.0,115.0,-15.0,-13.908757047880727,-27.0,-73.0,0.8454841709253482,-0.10597593049841539,-0.12266208257109396,-1.0496557094405263,-0.5473658007616166
112.0,97.0,2.36682868,58.0,1.0,62.0,18.0,86.0,17.0,-1.0,6.057662743115259,-52.0,-24.0,2.8939444192755466,0.3616577498138193,0.12035918513976226,1.4608825408863648,-0.5488702721546451
23.0,18.0,3.2329900260000004,59.0,1.0,286.0,35.0,87.0,32.0,-3.0,-0.9030332237394418,-12.0,-161.0,-0.3045711320698656,0.06137992510368516,0.004094782937629579,0.1917934810428688,-0.5463729647425019
130.0,115.0,3.58224678,60.0,1.0,30.0,22.0,156.0,28.0,6.0,12.092841924018387,-38.0,-126.0,-0.838717109735845,0.17486782994274208,-0.04446425411916866,-1.4844956111162266,-0.5395926232420434
18.0,17.0,5.049546003000001,61.0,1.0,86.0,143.0,192.0,3.0,6.0,2.349933902900034,21.0,-106.0,0.6845771575065365,-0.10195945758387363,-0.027748850337261585,-0.6939335069032911,-0.5282988240605351
35.0,32.0,5.069539785,62.0,1.0,87.0,121.0,29.0,12.0,37.0,43.95128052365419,60.0,58.0,1.5867701075040055,-0.3894699582314516,0.20688844904554218,0.5565021024470688,-0.5123215572115177
22.0,28.0,8.5007689,63.0,1.0,156.0,140.0,293.0,26.0,32.0,28.2678957106624,28.0,-137.0,0.34451405441162236,-1.3073549725344282,0.0832372179940907,-0.29853602020989395,-0.49155990775422004
143.0,3.0,2.33297801,64.0,1.0,192.0,142.0,114.0,14.0,18.0,14.313480334974884,1.0,78.0,1.9646464946854842,-0.3001627744894825,0.04208070762384918,-1.3424032635279108,-0.4659894517244529
121.0,12.0,6.683597088,65.0,1.0,29.0,42.0,271.0,40.0,-2.0,1.477944785047157,-67.0,118.0,-0.9210219914397149,0.27880244210259264,0.023233429334734552,-0.35624966154677623,-0.43566800046820975
140.0,26.0,2.7002379889999997,66.0,1.0,293.0,145.0,7.0,132.0,-13.0,-16.84681513181647,-5.0,-74.0,1.0914477962900149,0.27880244210259264,0.0693381904959148,0.9647217476826906,-0.400739365809793
142.0,14.0,2.1985437869999997,67.0,1.0,114.0,84.0,223.0,71.0,-13.0,-27.176432488091336,58.0,-109.0,-1.6921154886477574,-0.48310104066197707,0.08135017724228005,1.1363029770981117,-0.3614348762051499
42.0,40.0,5.933652877999999,68.0,1.0,271.0,126.0,113.0,133.0,7.0,11.281668173273829,62.0,158.0,-2.2307788185622686,-0.6699438975424279,-0.12432210112085564,-0.06489328406813531,-0.3180724493128331
145.0,132.0,3.8173451419999997,69.0,1.0,7.0,14.0,256.0,19.0,5.0,11.53315227504477,-15.0,111.0,-3.652733293500407,0.7071119944126789,-0.31171368892020296,1.7050389516471003,-0.27105311637196905
84.0,71.0,3.083112955,70.0,1.0,223.0,83.0,0.0,100.0,17.0,3.334631588080299,1.0,-137.0,-0.6000219989024667,0.019051516899638264,0.013089551728042301,-1.0446488937680813,-0.22085499437293915
126.0,133.0,1.850513935,71.0,1.0,113.0,117.0,89.0,104.0,-13.0,-5.850253844024451,9.0,24.0,3.2076393311747182,0.1047549765281936,0.04369701669621421,0.25601322819177397,-0.16802480826194352
14.0,19.0,2.8005421160000004,72.0,1.0,256.0,99.0,5.0,98.0,-1.0,-10.192893356356421,61.0,-109.0,2.0213944413307985,1.1119772818773235,0.16070357077915287,2.2817304253243433,-0.113167171703668
83.0,100.0,2.449810982,73.0,1.0,0.0,110.0,267.0,102.0,-8.0,-5.008542025605493,-27.0,93.0,-0.7745122881802777,1.144238178602697,0.022644613548811077,-3.204957395071085,-0.05693193531746127
117.0,104.0,2.665480852,74.0,1.0,89.0,10.0,283.0,6.0,-4.0,0.5392245555862587,-39.0,166.0,1.345059633203189,0.7580712946066777,0.03524953711463237,-1.620718636257701,0.0
99.0,98.0,3.4820270539999996,75.0,1.0,5.0,107.0,314.0,104.0,-3.0,-3.1066283130231795,-8.0,51.0,1.7345880816952133,-0.06779832247382969,-0.001040369520734644,-1.0256928265257355,0.05693193531746127
110.0,102.0,4.201224089,76.0,1.0,267.0,19.0,158.0,8.0,-11.0,-4.067080400798545,-55.0,109.0,1.994107676637936,-0.22820476502220438,0.1351389199876262,2.6341406082619603,0.113167171703668
10.0,6.0,2.84924221,77.0,1.0,283.0,111.0,359.0,104.0,-7.0,-3.112841953580187,45.0,-76.0,-1.1901194822616694,-0.16688260085547615,0.15354385721647373,-0.7599002058454837,0.16802480826194352
107.0,104.0,3.699371815,78.0,1.0,314.0,5.0,22.0,11.0,6.0,9.223962062852078,-44.0,-68.0,2.210087080511165,-1.7690017422145004,0.2789852853546701,1.8290934031837758,0.22085499437293915
19.0,8.0,3.866242886,79.0,1.0,158.0,87.0,156.0,103.0,16.0,0.8996156382538061,-68.0,2.0,0.4111510092277685,-1.3983191276447227,-0.03518691143580746,0.48629157739577056,0.27105311637196905
111.0,104.0,4.034907818,80.0,1.0,359.0,16.0,53.0,7.0,-9.0,-1.9904890610421688,-51.0,-54.0,2.028987769212484,-0.7242943442445944,-0.0028591451857883613,-0.9625123687439601,0.3180724493128331
5.0,11.0,2.98438406,81.0,1.0,22.0,46.0,213.0,43.0,-3.0,2.002752236835022,-41.0,169.0,1.109712237081774,-0.34926753046574877,-0.06371554157422567,-0.13542450272017487,0.3614348762051499
87.0,103.0,1.883630991,82.0,1.0,156.0,139.0,243.0,9.0,16.0,12.334506286125247,-52.0,-87.0,1.9026510835655102,-0.2676592883346338,0.12043798008098193,0.35532089611591866,0.400739365809793
,,,,,,,,,,,,,0.913523916844447,-0.0031693387662274993,0.03817779339225572,0.3653251356191197,0.43566800046820975
,,,,,,,,,,,,,1.0674229402543223,0.6979683604640395,-0.060553328890085446,0.670051264280892,0.4659894517244529
,,,,,,,,,,,,,1.651709913506055,0.6940026194321381,-0.06539799241081683,1.562024101015227,0.49155990775422004
99.0,104.0,4.84930706,1.0,2.0,223.0,16.0,31.0,12.0,-4.0,3.009510938957831,-63.0,-168.0,-0.41542677487517726,0.5959287337725329,0.03291339629492237,0.007893085515418036,0.5123215572115177
137.0,128.0,1.850982904,2.0,2.0,330.0,3.0,302.0,143.0,-6.0,-0.7370258187229126,-12.0,28.0,-3.074380640188866,0.03821834028893396,-0.20091601976589565,0.28848067685195306,0.5282988240605351
14.0,16.0,2.433799744,3.0,2.0,308.0,71.0,258.0,77.0,6.0,3.3299411022036907,-57.0,50.0,-0.7586320196994669,0.568844865159877,-0.00405546069086567,0.8226688777284871,0.5395926232420434
16.0,12.0,9.200100183,4.0,2.0,31.0,76.0,316.0,86.0,10.0,2.075374296637733,-60.0,75.0,1.0695824373060678,0.7667513471470919,0.09719168764703105,-0.2957434224925919,0.5463729647425019
3.0,143.0,7.215858936,5.0,2.0,302.0,74.0,53.0,84.0,10.0,4.149807025715063,-71.0,-111.0,-3.5328175571646288,-0.2333056466466085,-0.3144340428492998,0.09449813078925345,0.5488702721546451
71.0,77.0,4.034371138,6.0,2.0,258.0,9.0,188.0,133.0,-22.0,-18.026345538784426,62.0,70.0,1.597055837207875,0.08501605352334592,-0.11622015488459721,1.2297188116739086,0.5473658007616166
76.0,86.0,2.02195096,7.0,2.0,316.0,28.0,121.0,2.0,-26.0,-22.422009370604997,48.0,-165.0,1.5942715486688679,1.0226793367240268,0.08604100083572251,0.6739232621510532,0.5421815403325394
74.0,84.0,4.582862854,8.0,2.0,53.0,63.0,209.0,31.0,-32.0,-27.554125032176955,11.0,-156.0,2.8239876359247544,-0.19808574134543136,0.2573267066678818,-0.5239080330506228,0.5336699709809635
9.0,133.0,1.088300228,9.0,2.0,188.0,1.0,181.0,2.0,1.0,11.636408552562722,8.0,7.0,0.6994241873894962,-0.8423944189088407,-0.063683134555458,-0.23978572380297947,0.5222040091908172
28.0,2.0,5.449404955,10.0,2.0,121.0,11.0,174.0,10.0,-1.0,4.116252084487044,17.0,-53.0,-0.7087313620370856,0.1487611878844272,-0.0164372217706582,0.299388444690924,0.5081674385752113
63.0,31.0,1.669026136,11.0,2.0,209.0,66.0,244.0,38.0,-28.0,-25.826871570961202,-3.0,-35.0,0.739109516860596,0.5887983222965343,-0.029009900254727047,0.06018235163832294,0.4919460694962288
11.0,10.0,1.7827460769999999,13.0,2.0,174.0,72.0,162.0,111.0,39.0,35.27410195760956,-61.0,12.0,-0.7024018241704155,0.679507629265834,-0.0833749560582684,-0.47886865779078436,0.47391981676286526
66.0,38.0,4.235651016,14.0,2.0,244.0,126.0,286.0,96.0,-30.0,-25.71833182672617,-60.0,-42.0,1.2024126728191638,0.1827519503041041,-0.045374741815824036,-0.2671358542264953,0.4544558284763401
48.0,126.0,3.8001279830000003,15.0,2.0,342.0,88.0,182.0,112.0,24.0,8.808047413356576,-40.0,160.0,1.8341211092256247,0.4025293676846484,0.21403287867884782,-0.2590984519540555,0.4339027445816088
72.0,111.0,2.675376892,16.0,2.0,162.0,93.0,155.0,115.0,22.0,8.032250420972844,-21.0,7.0,0.6800571603808385,-1.0576025144226797,0.030930564305506156,-0.6158501174314307,0.4125861131981819
126.0,96.0,3.8666272160000004,17.0,2.0,286.0,115.0,213.0,107.0,-8.0,-1.4869082105884672,11.0,73.0,1.1985070979366115,-1.2203802065344327,0.030076019284437316,0.1208266572144198,0.3908049481681365
88.0,112.0,4.08234787,18.0,2.0,182.0,114.0,252.0,98.0,-16.0,-9.983190451211385,-26.0,-70.0,0.797729769941443,-1.5291444768689721,0.04676614415348332,1.4538158759330586,0.36882937371442465
93.0,115.0,1.7669119830000002,19.0,2.0,155.0,132.0,282.0,79.0,-53.0,-53.4840009010303,-39.0,-127.0,0.9030213970872021,-1.2509038806721617,0.0005734234088627082,1.7097261405032407,0.3468992723204621
115.0,107.0,1.468071938,20.0,2.0,213.0,112.0,132.0,104.0,-8.0,-3.303878983612435,3.0,81.0,0.26887148310784453,-1.5999805895322052,0.06152522748495102,-1.4000372681355737,0.3252238300796601
114.0,98.0,3.5178520680000003,21.0,2.0,252.0,37.0,301.0,133.0,-50.0,-47.77577913659201,-69.0,-49.0,-1.6927086197634778,-1.2319580186258288,-0.007827930756777627,-0.7088410818119062,0.3039818595405071
132.0,79.0,3.351021051,22.0,2.0,282.0,111.0,326.0,102.0,-9.0,-5.112841953580187,21.0,-44.0,-0.5408491526881275,-2.6171163757459435,-0.10010061066722502,1.428181533517078,0.2833227728627638
112.0,104.0,3.9549090860000002,23.0,2.0,132.0,81.0,37.0,108.0,27.0,14.627403377845496,31.0,95.0,1.6712201705189715,-2.834873838759723,0.030068649545239967,1.0302589893433176,0.26336807702899784
37.0,133.0,4.58671999,24.0,2.0,301.0,22.0,359.0,26.0,4.0,10.092841924018387,15.0,-58.0,0.8759578958867288,-1.9902930244330972,-0.03815973482485729,-0.4522405125058512,0.24421326689567815
111.0,102.0,4.34738493,25.0,2.0,326.0,125.0,207.0,115.0,-10.0,-5.017633611808037,-14.0,119.0,1.2817547405051426,-2.114552402446124,-0.045666132145524015,1.2623075553547054,0.22592999992559037
81.0,108.0,5.432570219,26.0,2.0,37.0,55.0,84.0,39.0,-16.0,-8.875340356577738,26.0,-47.0,-1.228227312275305,-1.6310803757782244,-0.07334531300712058,-2.1980936406797316,0.20856844743185185
22.0,26.0,4.767436981,27.0,2.0,359.0,135.0,74.0,138.0,3.0,0.5855018872899791,33.0,-75.0,-1.9058843383025257,-1.1583165911339994,-0.13971113802272161,4.524883522466615,0.19215973006244633
125.0,115.0,3.700623751,28.0,2.0,207.0,13.0,252.0,4.0,-9.0,-2.859528618410195,-34.0,-45.0,-0.9879113121688562,-1.9580403863614253,-0.19103828661238315,1.0383746049361795,0.17671835915027076
55.0,39.0,1.554687977,29.0,2.0,84.0,97.0,289.0,113.0,16.0,4.884693612118156,-42.0,155.0,0.7689407188953501,-3.092218607229401,-0.026859960750427608,1.0658541641555308,0.16224461966966464
135.0,138.0,2.334619999,30.0,2.0,74.0,129.0,179.0,126.0,-3.0,-1.088144656379768,6.0,-105.0,-1.070315554070709,-1.9770093013783017,-0.0664062454178239,0.03893215410472056,0.14872684424715685
13.0,4.0,4.416137934,31.0,2.0,252.0,24.0,241.0,15.0,-9.0,-3.717179426489963,-11.0,11.0,1.177526484329756,-1.6518871941682658,0.2055591451336238,1.6361312105051402,0.13614354049246946
97.0,113.0,4.9509220119999995,32.0,2.0,289.0,17.0,308.0,19.0,2.0,9.085740793036479,-66.0,-19.0,-0.32660948021834163,-1.726653623339385,-0.039550087473511915,-0.5419637863362919,0.12446534550883562
129.0,126.0,5.133096933,33.0,2.0,179.0,120.0,106.0,118.0,-2.0,5.182128204406467,9.0,73.0,2.1754402780858766,-1.3793722434053326,0.18477962812975493,1.3004881292956767,0.1136567916008999
24.0,15.0,2.434905767,34.0,2.0,241.0,65.0,194.0,57.0,-8.0,-5.003078462980682,-41.0,47.0,-0.47645851593719446,-1.7153477571379592,0.04348473197206935,2.4288955848202702,0.10367787582556412
17.0,19.0,3.90336895,35.0,2.0,308.0,94.0,149.0,109.0,15.0,1.6026242946563798,69.0,159.0,0.6317230173084541,-0.8195439282955813,-0.05095338698432289,-2.4177782918457016,0.09448543311785643
120.0,118.0,2.533282995,36.0,2.0,106.0,144.0,238.0,136.0,-8.0,-11.67820488943164,-24.0,-132.0,1.7529198590280128,-0.7294026769484566,0.13549572972065524,-1.7129237088872769,0.08603431833168414
65.0,57.0,2.585767984,37.0,2.0,194.0,91.0,316.0,111.0,20.0,5.208868232903967,-26.0,-122.0,-1.2665878317811288,0.42926022338131253,-0.13965274889576623,-0.6506569470600568,0.07827840677598111
94.0,109.0,4.534547329,38.0,2.0,149.0,45.0,286.0,54.0,9.0,13.611406885805593,49.0,-137.0,1.2000293619345443,-0.5124839406161809,-0.013548139822065344,0.7532167946492316,0.07117142584509192
144.0,136.0,4.654191256,39.0,2.0,238.0,77.0,67.0,112.0,35.0,26.08203288116266,67.0,171.0,1.3824829486222165,-0.6375429460272803,0.06622186401890842,-3.3117439114842764,0.0646676323011911
91.0,111.0,1.966543674,40.0,2.0,316.0,34.0,80.0,30.0,-4.0,-1.871491293523036,57.0,-124.0,2.2658808071784313,0.5099211610153255,0.11934273895998324,-0.41105945054754894,0.05872235083509254
45.0,54.0,3.2500691410000004,41.0,2.0,286.0,39.0,56.0,47.0,8.0,10.586141942854226,6.0,-130.0,2.2973843346433123,-0.13938083288794434,-0.0048184565094373305,-1.9172766470284823,0.05329238987556176
77.0,112.0,5.420622826000001,42.0,2.0,67.0,50.0,99.0,52.0,2.0,8.393958415723773,27.0,-32.0,2.343937471098844,-0.6585935663748345,0.0951963349967047,-1.8977714342984786,0.04833635039162952
34.0,30.0,6.06753397,43.0,2.0,80.0,54.0,309.0,44.0,-10.0,-2.894473099770039,-20.0,131.0,-1.176301055281332,0.7819366129193653,-0.10612300358974132,-0.33824991023281015,0.043814842778116675
39.0,47.0,2.2838809490000003,44.0,2.0,56.0,51.0,74.0,50.0,-1.0,5.654738226984534,-12.0,-18.0,0.7847662257936003,0.3106363927962987,0.1521947866014613,0.4363634235761537,0.03969062595496914
50.0,52.0,2.449893951,45.0,2.0,99.0,53.0,296.0,49.0,-4.0,3.0170980426740357,-3.0,163.0,0.9066978440774096,1.0998658937408308,0.14037268856966648,0.29753265893336256,0.035928681650993256
54.0,44.0,4.100328922,46.0,2.0,309.0,75.0,132.0,36.0,-39.0,-45.8986872976148,-21.0,177.0,-2.8390607768225946,0.8096957347438206,-0.36558833139464486,-1.4787117559782414,0.03249623556882125
51.0,50.0,1.4680819509999998,47.0,2.0,74.0,64.0,94.0,54.0,-10.0,-6.243716482904915,-13.0,-20.0,0.7016382301013938,1.2469103205855383,0.05614621334000611,0.8930155909278018,0.029362735809723237
53.0,49.0,3.833372116,48.0,2.0,296.0,95.0,220.0,101.0,6.0,-6.727555013580343,-42.0,76.0,0.7621874596574938,2.8263894629774136,0.07238095850857855,-0.25746950991874806,0.02649979762774996
75.0,36.0,3.2674498560000003,49.0,2.0,132.0,92.0,154.0,107.0,15.0,0.5663673252907984,-17.0,-22.0,0.6260609266088079,3.3855292474971574,0.015334579004932595,0.6948003092083037,0.023881122322267995
64.0,54.0,4.1514799589999996,50.0,2.0,94.0,103.0,121.0,97.0,-6.0,-10.738132965336149,-39.0,-27.0,0.7460009604638821,4.63949168210098,-0.008316246429226763,-0.6940658878861509,0.021482396893957117
95.0,101.0,4.167672873,51.0,2.0,220.0,41.0,197.0,34.0,-7.0,-3.8569383665282544,54.0,23.0,1.4847163174217644,3.4805916361291813,-0.01775437388487737,-0.16016195987402715,0.019281179999637903
92.0,107.0,3.668766022,52.0,2.0,154.0,5.0,146.0,142.0,-9.0,-5.7760379371479225,-59.0,8.0,0.5354571508431464,4.325551870368175,-0.025164754433222223,1.692873295380764,0.01725677875575229
103.0,97.0,2.4835658069999997,53.0,2.0,121.0,21.0,150.0,25.0,4.0,10.437338192978132,-64.0,-29.0,2.149753197273304,4.290236180423565,0.23979349886910098,-2.0461831216252864,0.015390120062574366
41.0,34.0,1.8508791919999998,54.0,2.0,197.0,20.0,171.0,18.0,-2.0,4.721977936987628,21.0,26.0,-1.097013192682428,4.3161434914626495,-0.038877818677779744,-0.3945770739151394,0.01366361935021745
5.0,142.0,12.78636527,55.0,2.0,146.0,43.0,337.0,39.0,-4.0,-0.159975522405432,-38.0,169.0,-1.451557126449038,4.656688568878937,-0.12136198101863267,-0.8749137490352353,0.012061048978776086
21.0,25.0,4.001533031,56.0,2.0,150.0,35.0,132.0,36.0,1.0,3.096966776260558,-14.0,18.0,-2.9739679553887437,5.049929140980157,-0.1800669139651303,-2.6956022557057966,0.01056740795174805
20.0,18.0,2.300246954,57.0,2.0,171.0,32.0,338.0,30.0,-2.0,0.3840322601107573,-12.0,-167.0,0.5082415663251368,4.882278189309934,0.06457057481819008,-1.7709379255377409,0.009168794116072717
43.0,39.0,4.155244589,58.0,2.0,337.0,121.0,299.0,19.0,44.0,50.95128052365419,68.0,38.0,-1.7580975649260786,2.9695995291820605,-0.19429458658779492,-0.44883908892066715,0.007852279614835068
35.0,36.0,3.750913858,59.0,2.0,132.0,36.0,60.0,10.0,-26.0,-23.87050257709086,-1.0,72.0,2.6798077857953677,3.152170328325332,0.1950874489789063,-0.5792787254265775,0.006605790020898244
32.0,30.0,1.6533801559999999,60.0,2.0,338.0,46.0,354.0,43.0,-3.0,2.002752236835022,-14.0,-16.0,1.8521289510767802,3.53640144137594,0.06237895872916032,1.1370101205820895,0.005417987302651714
121.0,19.0,2.516155958,61.0,2.0,299.0,116.0,71.0,132.0,16.0,22.89206087881587,5.0,-132.0,0.9142844745533162,2.8216362116512306,0.15391965495597137,-1.80061167687035,0.004278156548429121
36.0,10.0,3.7509386539999996,62.0,2.0,60.0,70.0,87.0,46.0,-24.0,-25.631378303416113,-34.0,-27.0,2.7157504058046142,3.8977789827832265,0.1153040060557859,2.193975815229013,0.0031760961964126273
46.0,43.0,3.310029984,63.0,2.0,354.0,8.0,17.0,145.0,-9.0,-5.522916367732737,38.0,-23.0,0.8103784191130634,4.179566574181803,0.03723419982452535,-2.4152893079250495,0.002102011375297077
116.0,132.0,2.498745203,64.0,2.0,71.0,26.0,52.0,30.0,4.0,8.408616909869579,-56.0,19.0,1.7166787973801838,,0.010118999132240113,-1.5272167734027735,
70.0,46.0,3.401296854,65.0,2.0,87.0,107.0,112.0,98.0,-9.0,-9.10662831302318,-37.0,-25.0,0.25876858878427833,,-0.07687238633414553,-3.260761389340149,
8.0,145.0,3.600244045,66.0,2.0,17.0,105.0,195.0,100.0,-5.0,-7.393541372965387,49.0,-178.0,1.9262250239218852,,-0.06350489479885134,-0.06092415522072744,
26.0,30.0,3.649328947,67.0,2.0,52.0,123.0,16.0,103.0,-20.0,-13.842342997455603,49.0,36.0,0.344063795544302,,0.07409185287276042,-2.1083353996969385,
107.0,98.0,2.384269953,68.0,2.0,112.0,101.0,202.0,99.0,-2.0,-9.037357907092087,6.0,-90.0,0.9621426341343132,,-0.06150150428680104,-0.7952871914377049,
105.0,100.0,3.016744137,69.0,2.0,195.0,6.0,129.0,1.0,-5.0,-1.998769093054399,-47.0,66.0,2.199406821205622,,0.02516239784689239,1.386607563312206,
123.0,103.0,1.81734395,70.0,2.0,16.0,62.0,180.0,32.0,-30.0,-24.938741686333742,61.0,-164.0,-1.1714329361293958,,0.01130768667166322,1.9697889894214673,
101.0,99.0,4.866556883,71.0,2.0,202.0,23.0,193.0,1.0,-22.0,-16.296930650169713,-68.0,9.0,1.0577853082705724,,-0.01620794307381787,-1.6287991506444903,
62.0,32.0,3.482568979,73.0,2.0,180.0,4.0,93.0,144.0,-6.0,-2.0752845830381084,58.0,87.0,1.5223099981312505,,0.2531550601639155,-2.1203303362725534,
23.0,1.0,3.0990669730000002,74.0,2.0,193.0,119.0,52.0,143.0,24.0,31.294192739452342,50.0,141.0,2.3451190415890655,,0.20601730416102315,-1.7612815939822999,
4.0,144.0,2.399004936,76.0,2.0,93.0,108.0,46.0,102.0,-6.0,-5.017139872124403,42.0,47.0,1.055259479994226,,0.11919303382563151,0.27643640926971624,
119.0,143.0,3.750432968,77.0,2.0,52.0,19.0,131.0,139.0,-26.0,-19.067080400798545,-46.0,-79.0,2.2792760914450443,,0.15228947619737307,-0.3907153120865468,
79.0,139.0,3.38376236,78.0,2.0,100.0,69.0,151.0,59.0,-10.0,-10.619153126239041,10.0,-51.0,1.9313339221877401,,0.16700818059405892,-1.508853880832732,
108.0,102.0,2.516798258,79.0,2.0,46.0,130.0,74.0,139.0,9.0,10.091242952119273,-22.0,-28.0,1.2884595254071627,,0.15674994858005906,-0.5710399815257825,
19.0,139.0,3.788733006,80.0,2.0,131.0,56.0,196.0,59.0,3.0,10.069983259067953,-37.0,-65.0,0.5244722465477014,,0.1113504901713423,-2.7077898228718125,
69.0,59.0,1.716777802,81.0,2.0,151.0,127.0,94.0,136.0,9.0,12.525147692075393,-58.0,57.0,1.0883441863927856,,0.07042727617073362,-0.8757487342993602,
130.0,139.0,2.115067005,82.0,2.0,74.0,57.0,351.0,55.0,-2.0,4.937918956400665,-73.0,83.0,-0.9006219857608014,,0.045566838217586274,-0.8636438699022837,
,,,,,,,,,,,,,1.4014472838795096,,0.18319319815122273,2.8781478406505623,
,,,,,,,,,,,,,-0.9674004400673467,,-0.22878598221441232,-1.7903275187838092,
,,,,,,,,,,,,,0.5715023491936032,,-0.046686427082000555,-0.9505592020510286,
97.0,110.0,4.102352858,1.0,3.0,29.0,33.0,51.0,26.0,-7.0,-4.775439494599993,64.0,-22.0,-0.8169043448292548,,-0.02102484194656834,-0.09285656560513741,
34.0,57.0,2.300448895,2.0,3.0,154.0,57.0,135.0,56.0,-1.0,5.937918956400665,-23.0,19.0,0.9119884224825597,,0.1585818008668683,1.3100378369187584,
87.0,110.0,5.517215967,3.0,3.0,150.0,6.0,226.0,142.0,-10.0,-6.998769093054399,-65.0,-76.0,-1.4284922964278879,,-0.06806417546939723,0.18047142795538562,
33.0,26.0,2.114078045,4.0,3.0,51.0,95.0,223.0,105.0,10.0,-2.727555013580343,-62.0,-172.0,2.0746630130910177,,0.17560804795273705,-1.5361905161698501,
57.0,56.0,3.2259316439999997,5.0,3.0,135.0,16.0,300.0,19.0,3.0,10.009510938957831,41.0,-165.0,-1.3638245594017346,,-0.021814097485169284,1.6495274353039775,
6.0,142.0,2.266458035,6.0,3.0,226.0,115.0,189.0,108.0,-7.0,-0.4869082105884672,37.0,37.0,0.5575897479629137,,-0.012723121225293222,-0.7931899824024838,
95.0,105.0,1.485694885,7.0,3.0,223.0,35.0,293.0,26.0,-9.0,-6.903033223739442,60.0,-70.0,-0.9741344034228631,,0.01477128556681427,0.29210536100060097,
16.0,19.0,2.9375412460000003,8.0,3.0,300.0,131.0,189.0,122.0,-9.0,-8.713636409499145,31.0,111.0,0.7925910188883029,,0.011213965453020848,1.0369686161915974,
115.0,108.0,4.782549143,9.0,3.0,189.0,140.0,124.0,125.0,-15.0,-18.7321042893376,-25.0,65.0,1.5469631298521074,,0.020191112995287586,-1.2125532386083147,
35.0,26.0,3.15042901,10.0,3.0,293.0,13.0,225.0,17.0,4.0,10.140471381589805,22.0,68.0,0.6235461762699788,,-0.11278270491846934,-0.599827443604156,
131.0,122.0,6.9996290210000005,11.0,3.0,189.0,104.0,333.0,103.0,-1.0,-4.565125379398637,27.0,-144.0,-0.9411183992075208,,-0.06648910629319728,1.6087826037066748,
140.0,125.0,3.670233965,12.0,3.0,124.0,12.0,240.0,12.0,0.0,5.660757017502938,-18.0,-116.0,-1.6723362881421362,,-0.10431839286658194,0.7385990718520464,
13.0,17.0,2.183712959,13.0,3.0,225.0,22.0,151.0,144.0,-24.0,-17.907158075981613,-9.0,74.0,0.5260295872458224,,0.029174066999185025,-0.05075226210467369,
104.0,103.0,3.1330859660000003,14.0,3.0,333.0,72.0,214.0,64.0,-8.0,-11.72589804239044,32.0,119.0,0.5775979968239122,,0.020363412781187838,-0.4489316633226246,
12.0,12.0,4.733101845,15.0,3.0,240.0,14.0,78.0,145.0,-15.0,-8.46684772495523,-2.0,162.0,-0.8162109946332115,,-0.0053110615030913366,-1.250486165275489,
22.0,144.0,2.499875784,16.0,3.0,151.0,135.0,319.0,141.0,6.0,3.585501887289979,33.0,-168.0,-1.4922557024947243,,-0.1681499427980213,-0.7471901346148814,
72.0,64.0,1.866594076,17.0,3.0,214.0,119.0,98.0,132.0,13.0,20.294192739452342,-47.0,116.0,0.9817198119447049,,0.04811157423129552,-1.9609027664608947,
14.0,145.0,5.832612038,18.0,3.0,78.0,147.0,210.0,6.0,5.0,-0.008117984141449597,13.0,-132.0,1.5780872828296701,,0.04337755575851673,-0.24041768557675064,
135.0,141.0,3.8492589,19.0,3.0,319.0,47.0,21.0,40.0,-7.0,-1.6143283589320276,-58.0,-62.0,-0.17032456221341175,,-0.004988563048068298,-0.007565317516430736,
119.0,132.0,2.965922117,20.0,3.0,98.0,24.0,318.0,18.0,-6.0,-0.7171794264899631,-51.0,140.0,1.6265605721383511,,0.1174739602006999,-1.107389216672905,
147.0,6.0,3.666460991,21.0,3.0,210.0,37.0,7.0,9.0,-28.0,-25.775779136592007,-36.0,-157.0,-1.4937216839087066,,-0.02966726015004823,1.6608435728374193,
47.0,40.0,2.0990431309999997,22.0,3.0,21.0,43.0,267.0,33.0,-10.0,-6.159975522405432,4.0,114.0,0.6372279840245231,,-0.060209260705899256,2.070107363681742,
24.0,18.0,3.132135868,23.0,3.0,318.0,39.0,302.0,40.0,1.0,3.5861419428542263,-15.0,16.0,-2.7892852110911632,,-0.20793473806558477,-1.3880974214162576,
37.0,9.0,1.133214951,24.0,3.0,7.0,114.0,132.0,103.0,-11.0,-4.983190451211385,69.0,-125.0,1.1293186446661396,,0.12278940587775827,0.7671847665168484,
43.0,33.0,4.284100771,25.0,3.0,267.0,105.0,209.0,103.0,-2.0,-4.393541372965387,-62.0,58.0,-1.3115663497102692,,-0.013247371378305992,0.5815721084130329,
39.0,40.0,4.20005703,26.0,3.0,302.0,86.0,202.0,90.0,4.0,-10.898447823821243,-47.0,100.0,3.4250948957072036,,-0.008725544792866425,-0.2953347625111139,
114.0,103.0,3.050987005,27.0,3.0,132.0,42.0,296.0,49.0,7.0,10.477944785047157,72.0,-164.0,0.9645468323358684,,0.06822619411616782,1.9987090425120724,
105.0,103.0,6.716221808999999,28.0,3.0,209.0,58.0,84.0,58.0,0.0,6.725864536681684,47.0,125.0,1.0119262472705797,,-0.1310109176745473,-0.09758472184004131,
86.0,90.0,2.787964821,29.0,3.0,202.0,143.0,248.0,147.0,4.0,0.3499339029000339,-57.0,-46.0,-0.946778481544492,,-0.05507163560129373,-1.0847498054103024,
42.0,49.0,5.3660540580000005,30.0,3.0,296.0,49.0,316.0,50.0,1.0,7.090019155687571,-7.0,-20.0,0.8240357916596749,,0.15284004089269723,-0.2535594750847672,
58.0,58.0,3.94987607,31.0,3.0,84.0,65.0,254.0,65.0,0.0,2.9969215370193183,-7.0,-170.0,-0.2905255302215873,,-0.06860292676095886,0.19281294991950898,
143.0,147.0,5.583999872000001,32.0,3.0,248.0,133.0,220.0,121.0,-12.0,-13.201748109212645,10.0,28.0,1.1354265902788012,,0.07802635536923874,0.13030702620583887,
49.0,50.0,4.486653805,33.0,3.0,316.0,19.0,169.0,141.0,-24.0,-17.067080400798545,30.0,147.0,0.15661916029830245,,-0.0115117286774004,1.4728710701221843,
65.0,65.0,1.117194891,34.0,3.0,254.0,62.0,284.0,58.0,-4.0,1.061258313666258,3.0,-30.0,-1.4581364845271263,,-0.06740340498808986,-2.1093748912785966,
133.0,121.0,2.882519722,35.0,3.0,220.0,69.0,265.0,71.0,2.0,1.3808468737609587,64.0,-45.0,-0.7583899671813936,,0.1664379253212314,3.121036051906417,
19.0,141.0,3.016356945,36.0,3.0,169.0,1.0,100.0,131.0,-16.0,-5.363591447437278,18.0,69.0,2.210325799038347,,0.10132566920193223,-0.6900781628700616,
62.0,58.0,2.8988070489999997,37.0,3.0,284.0,32.0,83.0,32.0,0.0,2.3840322601107573,30.0,-159.0,-1.2784388606002968,,0.031451306029061446,0.7771332333834526,
69.0,71.0,1.419261932,38.0,3.0,265.0,117.0,329.0,126.0,9.0,16.14974615597555,-48.0,-64.0,-0.7905881412782823,,-0.056727478360231905,-1.4941147472157423,
1.0,131.0,2.166273117,39.0,3.0,100.0,36.0,172.0,26.0,-10.0,-7.8705025770908605,-35.0,-72.0,2.232293461272537,,0.03504205884309495,0.9637745111358627,
32.0,32.0,4.9824512,40.0,3.0,83.0,5.0,133.0,144.0,-7.0,-3.7760379371479225,27.0,-50.0,2.685073813662768,,0.0459966928557737,-0.482158161006433,
117.0,126.0,2.499914885,41.0,3.0,329.0,38.0,46.0,29.0,-9.0,-6.622083008987602,-67.0,-77.0,2.0903685990309873,,0.21212641043859656,1.108455707754511,
36.0,26.0,4.37132287,42.0,3.0,172.0,8.0,79.0,10.0,2.0,5.477083632267263,28.0,93.0,-0.3590299834400466,,0.06313229171863682,-1.8690344370239969,
5.0,144.0,4.484283924,43.0,3.0,133.0,73.0,257.0,73.0,0.0,-4.789244503697262,-68.0,-124.0,0.11188106421712728,,0.16943149945448122,2.0530998760736345,
38.0,29.0,7.666676044,44.0,3.0,46.0,91.0,260.0,93.0,2.0,-12.791131767096033,-53.0,146.0,-1.7018936241463103,,0.016612472710043392,1.1282439055073572,
8.0,10.0,4.768126965,45.0,3.0,79.0,41.0,158.0,66.0,25.0,28.143061633471746,-33.0,-79.0,1.848978128062353,,0.04418576183396356,0.6170717131431073,
73.0,73.0,3.850023031,46.0,3.0,257.0,132.0,171.0,119.0,-13.0,-13.4840009010303,-59.0,86.0,1.7026715291433092,,-0.04508612297337274,-1.3863107400604984,
91.0,93.0,4.433512926000001,47.0,3.0,260.0,67.0,24.0,82.0,15.0,16.291089360247895,24.0,-124.0,1.875694369617058,,0.22596082995465733,1.1897613697797091,
41.0,66.0,3.350098848,48.0,3.0,158.0,50.0,39.0,53.0,3.0,9.393958415723773,-9.0,119.0,4.16162961839579,,0.19805174468152117,-0.9251399459679811,
132.0,119.0,1.65175128,49.0,3.0,171.0,53.0,254.0,51.0,-2.0,5.017098042674036,-67.0,-83.0,0.656531907418887,,0.1286404209270148,-3.137349843684447,
67.0,82.0,4.400434732,50.0,3.0,24.0,18.0,318.0,8.0,-10.0,-2.9423372568847412,49.0,66.0,-0.6250689080282346,,-0.00880525144372634,-0.23541813055968128,
50.0,53.0,2.949491024,51.0,3.0,39.0,82.0,80.0,112.0,30.0,16.938159006401975,-32.0,-41.0,1.1852186036975478,,0.03490448094962301,-0.6548586742707617,
53.0,51.0,3.783397675,52.0,3.0,254.0,138.0,249.0,143.0,5.0,1.49185523897836,61.0,5.0,0.12567711797378966,,0.04069450525133633,0.6898065735533636,
18.0,8.0,4.349948883,53.0,3.0,318.0,81.0,88.0,114.0,33.0,20.627403377845496,-63.0,-130.0,0.49890362748914424,,0.026976768817281324,-1.1181626768205937,
82.0,112.0,3.3504991530000003,54.0,3.0,80.0,137.0,6.0,141.0,4.0,0.7513673056306516,-55.0,74.0,0.12080367253735896,,0.0824249393166659,0.22750433433611603,
138.0,143.0,1.214692831,55.0,3.0,249.0,59.0,75.0,69.0,10.0,16.432224868510218,-67.0,174.0,1.8178178254320323,,0.10817101437253464,-0.022944411764815712,
81.0,114.0,3.3193428519999997,56.0,3.0,88.0,122.0,164.0,115.0,-7.0,-0.39275565681396074,-41.0,-76.0,-0.6154007457344145,,-0.011613090416953424,-0.35185202254690373,
137.0,141.0,4.465842962,57.0,3.0,6.0,2.0,198.0,144.0,-4.0,3.42685988659251,-11.0,168.0,-2.4386421663974325,,-0.30401635587016246,1.7802932918333756,
59.0,69.0,1.965641975,58.0,3.0,75.0,109.0,42.0,108.0,-1.0,1.0195668726977374,-50.0,33.0,-2.151221488601957,,-0.1740678462686192,-2.6015698818847337,
122.0,115.0,3.7508590219999998,59.0,3.0,164.0,30.0,21.0,23.0,-7.0,-4.119119890188017,-54.0,143.0,2.425583050658514,,0.2934561206195466,0.3091026792916571,
2.0,144.0,3.167290211,60.0,3.0,198.0,134.0,121.0,129.0,-5.0,-6.850125405873314,14.0,77.0,0.044968508319258846,,0.04000262923278471,-0.1328542041451654,
109.0,108.0,0.850080967,61.0,3.0,42.0,127.0,27.0,143.0,16.0,19.525147692075393,-18.0,15.0,-1.4800469515636558,,-0.24216640402096448,1.1444894945192492,
30.0,23.0,0.801324129,62.0,3.0,21.0,100.0,99.0,106.0,6.0,-2.1389292279671963,-70.0,-78.0,-0.5983467595089831,,-0.02561883089510663,-1.1438982517392515,
134.0,129.0,3.2507388589999997,63.0,3.0,121.0,56.0,27.0,53.0,-3.0,4.069983259067953,-68.0,94.0,3.133028038765024,,0.32293367190694805,-2.6327754614049232,
127.0,143.0,0.667199135,64.0,3.0,27.0,48.0,256.0,54.0,6.0,11.751062572002297,-67.0,131.0,0.17364087517313803,,-0.0782249291888065,-0.3277856907473615,
100.0,106.0,4.067623854,65.0,3.0,99.0,77.0,237.0,72.0,-5.0,-13.917967118837339,23.0,-138.0,1.3967324514258959,,0.06215030758809765,0.15452356887062105,
56.0,53.0,2.98404026,66.0,3.0,27.0,108.0,227.0,106.0,-2.0,-1.0171398721244032,-52.0,160.0,-1.631863461071986,,-0.005444417909075257,-2.830463366548988,
48.0,54.0,2.800853968,67.0,3.0,256.0,92.0,239.0,97.0,5.0,-9.433632674709202,-44.0,17.0,-1.7832238159808476,,-0.15569571166585042,0.007150251378586962,
77.0,72.0,1.715400934,68.0,3.0,237.0,116.0,132.0,97.0,-19.0,-12.107939121184131,-39.0,105.0,1.6506005930732188,,0.07761747690000373,-1.150991170808008,
108.0,106.0,2.350130081,69.0,3.0,227.0,124.0,104.0,93.0,-31.0,-25.387832319035056,-16.0,123.0,-1.0241501436013274,,-0.022725771796996183,-1.938824284374944,
92.0,97.0,0.984444141,70.0,3.0,239.0,142.0,57.0,6.0,10.0,6.313480334974884,-50.0,-178.0,1.5637977601302777,,0.07157364111545475,2.6460409106081606,
116.0,97.0,5.05305481,71.0,3.0,132.0,93.0,198.0,102.0,9.0,-4.967749579027156,23.0,-66.0,-0.7923173738819586,,-0.006057167692302043,1.9190165262642174,
124.0,93.0,2.7241489889999997,72.0,3.0,104.0,118.0,6.0,100.0,-18.0,-10.71608273998254,6.0,98.0,0.9544517913959961,,0.10069194617172424,0.4396207297396565,
142.0,6.0,2.057487965,73.0,3.0,57.0,103.0,127.0,111.0,8.0,3.261867034663851,39.0,-70.0,-0.9026266324444274,,-0.05390690301100421,1.7816677534329877,
93.0,102.0,2.348834038,74.0,3.0,198.0,55.0,90.0,56.0,1.0,8.124659643422262,38.0,108.0,3.0242478531349732,,0.22952145510998534,0.0700248842036058,
118.0,100.0,2.499919176,75.0,3.0,6.0,7.0,37.0,134.0,-19.0,-15.877362208897988,-35.0,-31.0,1.0658824072486346,,0.003634956443731369,-0.4688545244745859,
55.0,56.0,2.133940935,77.0,3.0,90.0,78.0,55.0,84.0,6.0,-3.868837614979384,-23.0,35.0,1.032917120204754,,0.18213336422938062,-3.501261020080589,
7.0,134.0,3.233667612,78.0,3.0,37.0,88.0,210.0,137.0,49.0,33.808047413356576,65.0,-173.0,-0.6689139765087355,,0.06361399655656369,-0.2915807787120013,
78.0,84.0,0.0,80.0,3.0,55.0,106.0,269.0,90.0,-16.0,-17.23637626051891,-28.0,146.0,2.635195212895004,,0.24641819408249951,-0.2392416284895602,
88.0,137.0,0.0,81.0,3.0,210.0,66.0,353.0,68.0,2.0,4.1731284290387975,22.0,-143.0,0.7946709518653786,,0.07837487414815156,1.0025558188466777,
83.0,12.0,0.0,82.0,3.0,171.0,28.0,133.0,31.0,3.0,6.5779906293950035,55.0,38.0,2.309687276349223,,0.0034004933352247808,-0.20545371321127742,
,,,,,,,,,,,,,2.4751070164183933,,0.052557390203149215,-2.3334286951439043,
,,,,,,,,,,,,,1.921564945856505,,0.11685077566704333,0.8674771372309924,
,,,,,,,,,,,,,1.374562692684918,,0.09242921619155539,-1.2064384385088018,
,,,,,,,,,,,,,-2.6853141044650424,,-0.20710677335034627,-1.3412840708202398,
,,,,,,,,,,,,,0.4859561959221794,,0.12098330872626213,-1.3480809562842737,
,,,,,,,,,,,,,2.1632657515218208,,0.17277464225831263,0.5727591886190375,
,,,,,,,,,,,,,1.1277736617681162,,0.05261002302694616,-0.5126581133685668,
,,,,,,,,,,,,,-2.4007928233972025,,-0.206535340283139,-1.6193573117257178,
,,,,,,,,,,,,,-0.7700806182669935,,0.06247254051961704,-1.0121377474200766,
,,,,,,,,,,,,,-0.4632428983447847,,-0.016689773548753305,-1.4439671851105131,
,,,,,,,,,,,,,-0.7980537999079368,,-0.006040584197659507,-2.6523184756041362,
,,,,,,,,,,,,,1.85457940842359,,-0.1414238882928174,-2.4506431275383997,
,,,,,,,,,,,,,1.6665361388273214,,0.13887427295560234,-0.19288077766544184,
,,,,,,,,,,,,,0.1310544892741167,,0.002815768036767983,1.7494793459505016,
,,,,,,,,,,,,,1.9261485455949259,,0.151555152398721,-2.1575412103320346,
,,,,,,,,,,,,,2.5718944038325517,,0.3111460073742266,-1.152636089443992,
,,,,,,,,,,,,,-2.4095997911047666,,-0.053605745819191614,0.18455626790160548,
,,,,,,,,,,,,,-1.7334020985760488,,-0.1697723320705327,-1.8643105964364697,
,,,,,,,,,,,,,1.6794079751666038,,0.034623486703150894,-0.5132233211198316,
,,,,,,,,,,,,,-1.8001980180733934,,-0.020362723543069842,1.500393090610428,
,,,,,,,,,,,,,-0.8832230208434609,,0.0027929928700294454,2.2892774570436507,
,,,,,,,,,,,,,1.3830459426371495,,0.02740000302061456,2.26301325785553,
,,,,,,,,,,,,,0.2805161696151317,,-0.09613410530483801,0.36614746651143115,
,,,,,,,,,,,,,-0.6194705384060735,,0.017841596324955945,-0.8490150173476515,
,,,,,,,,,,,,,1.0344177872499243,,0.014544104527659994,0.42039604876710723,
,,,,,,,,,,,,,-2.002816221224019,,-0.0894170677650716,1.0497388853782406,
,,,,,,,,,,,,,0.7651158869255376,,0.03607778662423703,-0.37521499403218184,
,,,,,,,,,,,,,1.9291628294293297,,0.19132770904714033,0.1824425599162261,
,,,,,,,,,,,,,-2.7109088674451502,,-0.22732277393730035,-1.913042618903826,
,,,,,,,,,,,,,-0.5099657971146716,,-0.06743887411245277,-0.20056946071976922,
,,,,,,,,,,,,,-0.31159256146029624,,-0.037250028671675074,-0.7828032218803245,
,,,,,,,,,,,,,1.164220793379912,,0.06941540369175353,-2.611922234799149,
,,,,,,,,,,,,,1.5441043346023837,,0.07577333053971415,1.730852315845551,
,,,,,,,,,,,,,2.8567939919789933,,0.11856849949068576,0.4381345033787964,
,,,,,,,,,,,,,1.3348123119249387,,0.01579893103592183,-0.21796417425156,
,,,,,,,,,,,,,2.121848400993663,,0.07509774762802875,0.8078469913276938,
,,,,,,,,,,,,,0.8942117775648439,,0.0017493654065524498,-1.4523220050848191,
,,,,,,,,,,,,,1.8269265908687013,,0.010968179672361163,-0.6845676217488474,
,,,,,,,,,,,,,0.4732407521520116,,-0.12555725085984107,0.5899053262937374,
,,,,,,,,,,,,,-0.4150816310525873,,-0.12375759463195614,-0.1208071716827479,
,,,,,,,,,,,,,-1.5361489622545388,,-0.12810431356654992,-2.0608779411186373,
,,,,,,,,,,,,,-0.6141437916179917,,-0.03506190153351746,-0.01243834067759908,
,,,,,,,,,,,,,-0.6755918190927372,,0.003347542450690794,0.369605373391138,
,,,,,,,,,,,,,1.8005636278628447,,0.13387012590440395,-1.6739869648290184,
,,,,,,,,,,,,,-0.30321604241740957,,0.06514681378804461,0.6948322813276151,
,,,,,,,,,,,,,2.1984665754278985,,0.17822124473790069,-0.1438587034397586,
,,,,,,,,,,,,,-1.3146015847598005,,-0.06778854216648944,2.001146631583199,
,,,,,,,,,,,,,-0.7385997691743704,,-0.07706325167534306,1.7472296923372164,
,,,,,,,,,,,,,1.9640344754103345,,0.029883531741593555,-0.70857939556147,
,,,,,,,,,,,,,-0.5008478198614792,,-0.08732599690818416,0.7383438607023788,
,,,,,,,,,,,,,0.8758863435653402,,0.02351983058456942,1.7212572837277271,
,,,,,,,,,,,,,-0.78186554920861,,-0.05105192753666959,-0.40954736364750793,
,,,,,,,,,,,,,0.8384223417470387,,-0.0616304881568916,-0.5933276650200747,
,,,,,,,,,,,,,0.8541194759445623,,0.05996312908868088,-0.30380761994529887,
,,,,,,,,,,,,,-2.454116636910254,,-0.15284622272547485,0.4517745265614072,
,,,,,,,,,,,,,1.0094016580800307,,0.16087487525624894,-1.9392833729110859,
,,,,,,,,,,,,,-0.7653245615869997,,-0.06335320637487427,1.017205236246783,
,,,,,,,,,,,,,3.594167714470623,,0.20624119280912795,-0.08307838233858235,
,,,,,,,,,,,,,-1.187934595021984,,-0.08302762863292613,-2.030382377401896,
,,,,,,,,,,,,,-2.6073473840783232,,-0.18723825354258872,1.7944705631741236,
,,,,,,,,,,,,,0.7088875768364344,,0.1010196491578988,0.6050148449351945,
,,,,,,,,,,,,,0.1366088672265677,,-0.03783015200906948,0.1764814284517617,
,,,,,,,,,,,,,0.5881377406372454,,0.04426766822173569,-1.9210062528550655,
,,,,,,,,,,,,,1.0257139048653934,,0.0563056311733565,0.93517076349957,
,,,,,,,,,,,,,3.0356375498139108,,0.19274616561031968,-0.06739406044848248,
,,,,,,,,,,,,,1.7269192063441898,,0.28111587459472914,1.0875361840069226,
,,,,,,,,,,,,,2.640937241087573,,0.21723867507085667,-0.7252411829281147,
,,,,,,,,,,,,,-0.5074583964858117,,0.029222830605632306,-0.6629442790744837,
,,,,,,,,,,,,,4.951881423552376,,0.30987726725402426,-2.9951907449077297,
,,,,,,,,,,,,,3.0154115696696153,,0.15729621225172938,-0.14293890005658896,
,,,,,,,,,,,,,-0.8661565079576035,,0.08325579147729809,-2.4648331319524024,
,,,,,,,,,,,,,1.4930263734250937,,0.05464873957869361,0.21366443899314602,
,,,,,,,,,,,,,0.3824338915111851,,-0.02523218200923794,0.5134599592301935,
,,,,,,,,,,,,,-2.0621994240522854,,-0.07770107172605172,-0.656502361306558,
,,,,,,,,,,,,,0.3399715785535418,,0.025447342607266457,-2.082431375659107,
,,,,,,,,,,,,,-1.14934690475659,,-0.017918680907604508,0.6750664362793158,
,,,,,,,,,,,,,-1.1028659678363921,,-0.07036850662877603,0.5490767365157075,
,,,,,,,,,,,,,1.5085525757178944,,-0.21818354219613847,-3.528741557302399,
,,,,,,,,,,,,,-1.6746969880293092,,-0.08863639225001128,0.23403290624363193,
,,,,,,,,,,,,,0.10755261270397042,,0.09519547349125328,0.09605438188056424,
,,,,,,,,,,,,,1.4455703000475533,,0.12745961073326473,0.6077027514321712,
,,,,,,,,,,,,,0.24932959274355646,,0.11352052527206812,2.0589108140429886,
,,,,,,,,,,,,,0.13786579323410417,,0.03415602307116624,-1.5626918086953305,
,,,,,,,,,,,,,2.18120582013493,,0.18147060148775987,-0.5271137892560142,
,,,,,,,,,,,,,1.295946900120188,,0.14588183670678212,1.487499357592468,
,,,,,,,,,,,,,2.3697272653469756,,-0.20509503918574404,-0.3551730828791949,
,,,,,,,,,,,,,-2.1725322773857894,,-0.2388074685974057,-2.153352325556872,
,,,,,,,,,,,,,-2.1803149054669606,,-0.14994493662830138,0.76392069730208,
,,,,,,,,,,,,,3.432876486761391,,-0.018890431499377698,-1.4830163751191192,
,,,,,,,,,,,,,2.391798572459166,,0.1414829882263304,-0.8911037818664929,
,,,,,,,,,,,,,0.3320501463454359,,-0.009299702965942187,-0.15892354036394835,
,,,,,,,,,,,,,-1.5484171389668089,,-0.23487750666759233,-0.4474662845878786,
,,,,,,,,,,,,,-1.1046941792744618,,0.04346190719149604,0.4955888779400323,
,,,,,,,,,,,,,1.7543920119282441,,0.18464119833650355,0.2231815409822966,
,,,,,,,,,,,,,-0.5892024355161318,,-0.004084886748399229,1.245499938094562,
,,,,,,,,,,,,,0.7044612302887573,,-0.028992606057120493,0.17328338127027978,
,,,,,,,,,,,,,1.485065263240125,,0.04544523275800865,2.8863341224207617,
,,,,,,,,,,,,,0.9625068790655851,,0.08949084281441502,1.5383008443884345,
,,,,,,,,,,,,,1.0602444225418441,,0.02403105265962626,1.4165654957540617,
,,,,,,,,,,,,,-1.5017731951077737,,-0.04412175748276062,2.128945160853901,
,,,,,,,,,,,,,1.195873352182391,,0.06142277153016509,0.9136410359004596,
,,,,,,,,,,,,,2.074110851692818,,0.0401514564468232,-3.1866944267377324,
,,,,,,,,,,,,,2.688375450924656,,0.0778791461427224,-2.2812445523915916,
,,,,,,,,,,,,,1.195221461778689,,0.03037600627873963,-2.571602785613503,
,,,,,,,,,,,,,2.6349530524330507,,0.19793241098838565,-0.26812354859498855,
,,,,,,,,,,,,,-0.8462089191029956,,-0.16688363880893378,1.0115365033666077,
,,,,,,,,,,,,,5.0333375841690735,,0.216311487963503,-1.029570749408501,
,,,,,,,,,,,,,-3.2302006875853255,,-0.10172620832674265,1.0388441905521568,
,,,,,,,,,,,,,1.2216631747295907,,0.12498170875040004,1.0411036913500387,
,,,,,,,,,,,,,1.09167923110968,,0.027705008464651303,0.7736739723478655,
,,,,,,,,,,,,,2.4772353933921236,,0.18168981401439543,1.572106686623085,
,,,,,,,,,,,,,3.636503849386168,,0.28986143746460497,0.7370672629110147,
,,,,,,,,,,,,,-1.032915116029096,,-0.0766200509662619,-0.8136725940294995,
,,,,,,,,,,,,,-2.2859674996879775,,-0.35120615739943306,4.6855179573989165,
,,,,,,,,,,,,,3.126395257878887,,0.09056435638465588,-0.6855522734021492,
,,,,,,,,,,,,,1.44495809331905,,0.043730502066613795,-1.942760400666337,
,,,,,,,,,,,,,-0.536961803344036,,-0.024257327933129944,-0.8100472135765696,
,,,,,,,,,,,,,0.10749060116124418,,-0.04859476970222441,-0.4438858527693554,
,,,,,,,,,,,,,-0.7964827520478676,,0.058424508062376486,-1.4915409596177807,
,,,,,,,,,,,,,1.304663762788705,,0.03958666668969779,-0.934818784000908,
,,,,,,,,,,,,,0.9052234970386175,,0.0953996507430512,-1.1311703264372897,
,,,,,,,,,,,,,-2.0790655081600575,,-0.09007460174061054,-0.43104447054605183,
,,,,,,,,,,,,,-1.9435853513009553,,-0.12308830770630076,-2.123704302127295,
,,,,,,,,,,,,,0.9785187934303354,,-0.05910965956603391,-4.274923931456454,
,,,,,,,,,,,,,0.42705014316196777,,0.14522342339622155,-0.19684755973623985,
,,,,,,,,,,,,,-2.054431598822669,,-0.2257074002346629,-0.2066275062152686,
,,,,,,,,,,,,,1.579316321606412,,0.19285528608724312,1.0343567705383752,
,,,,,,,,,,,,,0.3023372812643683,,-0.11412101748589866,1.0931013419629845,
,,,,,,,,,,,,,-0.6271672117680475,,-0.07538491687828208,-0.23448777607255378,
,,,,,,,,,,,,,2.332313905788371,,-0.013491723673240858,1.682749922888687,
,,,,,,,,,,,,,1.3396409852255806,,0.12690248771757376,-0.20993409609396388,
,,,,,,,,,,,,,2.122362478811519,,0.17403420942048473,-1.0256181139325276,
,,,,,,,,,,,,,-2.3134798872265345,,-0.08428507072504898,1.3332949487317542,
,,,,,,,,,,,,,1.5779956024260642,,0.15727416204111358,-1.6096137597616176,
,,,,,,,,,,,,,1.9281597345485775,,0.09876006651629154,2.1307983422733128,
,,,,,,,,,,,,,0.8375544669254891,,-0.04068342752105528,1.1164417293043465,
,,,,,,,,,,,,,2.3156129415979234,,0.1087848915920429,-0.5794200856037308,
,,,,,,,,,,,,,0.7104529958724812,,0.08887153676999861,-0.6636487937925303,
,,,,,,,,,,,,,2.100853266228102,,0.08382144177222396,0.18344222941155316,
,,,,,,,,,,,,,0.5687752764748769,,0.06017959450541837,-1.8670784211843694,
,,,,,,,,,,,,,0.7745694651581166,,-0.04586942989390597,-0.01243033653574929,
,,,,,,,,,,,,,0.4265038659259879,,0.020157250507869567,-0.7180536803505069,
,,,,,,,,,,,,,2.0676180131620336,,0.0845101391448186,-1.014360263391401,
,,,,,,,,,,,,,0.6891014362431986,,-0.05987635957679152,1.0285839259745755,
,,,,,,,,,,,,,-0.7132455351285254,,-0.08482887978829123,-0.03423227611221041,
,,,,,,,,,,,,,-0.8107752498074915,,-0.023817415807603447,-0.24507310317482783,
,,,,,,,,,,,,,0.22538674267402098,,0.14505481242970883,-0.4807542772814481,
,,,,,,,,,,,,,1.8959546454368779,,-0.10464658432881158,0.10729280199660157,
,,,,,,,,,,,,,0.5153276064713461,,0.03860808582120264,-0.4742519659610445,
,,,,,,,,,,,,,1.461510243146836,,0.020562489023017185,0.9538883228013727,
,,,,,,,,,,,,,1.2864435676061283,,0.0841809610676037,0.36817527311655357,
,,,,,,,,,,,,,-1.4707603084978205,,-0.11228354059864362,0.3447304516825837,
,,,,,,,,,,,,,1.7318091989712805,,0.0687893564630001,-0.8505153297452448,
,,,,,,,,,,,,,1.5537197335523778,,-0.05630778539525537,0.2921568377531244,
,,,,,,,,,,,,,0.16010431692419497,,0.0048351142294675966,-0.652843547401328,
,,,,,,,,,,,,,0.6717666628735549,,0.10710394061899467,-0.5517440536999075,
,,,,,,,,,,,,,-0.7562559951490179,,0.04397112775647267,-0.5064276422084518,
,,,,,,,,,,,,,-2.131083052237289,,-0.10803372026000284,-1.1381940521154665,
,,,,,,,,,,,,,1.7138045319868567,,0.1052802184558027,-0.6037880134097343,
,,,,,,,,,,,,,0.6828634293332542,,0.12837440571849015,0.05568293598754308,
,,,,,,,,,,,,,2.264171761472167,,0.09886343825030225,-0.19136573912415153,
,,,,,,,,,,,,,0.27240503312877945,,0.1121485331501419,-0.6927031721117124,
,,,,,,,,,,,,,0.39515214467088605,,-0.024240151498805956,-0.5976100923163875,
,,,,,,,,,,,,,0.635423649931646,,0.12391728513130384,0.1951951422126635,
,,,,,,,,,,,,,-0.7385420463814729,,0.06238864411487281,0.4220595963383207,
,,,,,,,,,,,,,1.8819822110058129,,0.11846286363987088,-1.6492741618930862,
,,,,,,,,,,,,,-0.4832008445406742,,0.020132941832041475,-0.484390917246848,
,,,,,,,,,,,,,-0.7957819803865956,,-0.04107362613239075,0.7070616780120452,
,,,,,,,,,,,,,0.742403335440178,,0.03868207285833827,0.15937269103706883,
,,,,,,,,,,,,,0.09244446179354865,,0.11132078106374112,1.372994781916524,
,,,,,,,,,,,,,1.1308350577922894,,0.020500338141560583,0.6061586971490489,
,,,,,,,,,,,,,0.29212075190487097,,0.14599257177638367,-0.792763482769979,
,,,,,,,,,,,,,2.024078129540243,,-0.03341084009491852,1.1584891319313766,
,,,,,,,,,,,,,1.324838227125348,,0.004735326324238529,-0.11661094723151362,
,,,,,,,,,,,,,-1.643813918873285,,0.05977013828734094,-0.004860710567330628,
,,,,,,,,,,,,,3.0494463627675814,,0.10016113094965472,1.5820467888200238,
,,,,,,,,,,,,,-0.8199142098295462,,-0.18902345336473156,0.42620594298728787,
,,,,,,,,,,,,,-2.6444839080844575,,-0.19131735547181752,0.7491239409180389,
,,,,,,,,,,,,,-1.8606443945257065,,0.012092480124017809,-1.7877787664089486,
,,,,,,,,,,,,,2.6788917426481826,,0.02636079291058774,-0.7000476518085609,
,,,,,,,,,,,,,0.5641761111565087,,0.01867262961435595,-0.47685977304694255,
,,,,,,,,,,,,,3.42736484134679,,0.2548746298784684,0.0006099058534600353,
,,,,,,,,,,,,,2.688787534244948,,0.1789131831922232,-0.9665024762377816,
,,,,,,,,,,,,,-0.42528973536716264,,0.1193348451513513,1.8953961594610553,
,,,,,,,,,,,,,0.949022932334798,,0.0714480703036427,-1.6391668278175737,
,,,,,,,,,,,,,-0.4125011113673838,,-0.010033798623546596,2.0269622990613807,
,,,,,,,,,,,,,0.8632884016368352,,0.0041938973155134715,0.20091783845628103,
,,,,,,,,,,,,,-0.5757144399531934,,-0.017724693674199127,-1.0304104232300653,
,,,,,,,,,,,,,-1.3696134335652543,,-0.03272164656824236,-2.825875250187065,
,,,,,,,,,,,,,0.8703583756978753,,-0.08389625356730367,0.8861973866022963,
,,,,,,,,,,,,,0.6647302911406452,,-0.04646407846230695,-2.5690330031926227,
,,,,,,,,,,,,,1.7077408556924978,,0.17678001172134375,0.31191484420578947,
,,,,,,,,,,,,,0.4925274365566681,,0.16921406975400066,-1.0820846299668756,
,,,,,,,,,,,,,-0.9437906596168222,,0.003634125957802475,-0.09422811787931597,
,,,,,,,,,,,,,-1.2429726450213994,,-0.03144300804376045,-2.1615463464186826,
,,,,,,,,,,,,,0.5207323805571226,,-0.012887391414651518,1.046498378134719,
,,,,,,,,,,,,,0.6286099558038396,,0.10415884009258808,-0.8203261942919347,
,,,,,,,,,,,,,1.938818010801607,,0.10585815520254985,-2.878816484756242,
,,,,,,,,,,,,,0.5277852160748582,,0.051770619511890825,-3.1497967149297343,
,,,,,,,,,,,,,-1.5872521758408304,,-0.05716160130003727,-0.15284541415339836,
,,,,,,,,,,,,,0.4409881009042322,,0.10459149360824477,-1.9983967113014554,
,,,,,,,,,,,,,-0.28636591198972844,,-0.008647654588529993,-1.500127053580913,
,,,,,,,,,,,,,-2.7308207255714407,,-0.1452571817534883,0.9499630603866118,
,,,,,,,,,,,,,1.1531903941171213,,0.05124750372160731,-0.7714707642108163,
,,,,,,,,,,,,,-1.9529472166987505,,-0.17157626623029454,0.3929185406405399,
,,,,,,,,,,,,,-3.6034735670632245,,-0.2532672193422897,0.6191265744499201,
,,,,,,,,,,,,,0.9048626470926295,,0.04251778679098074,-0.00024884544331690226,
,,,,,,,,,,,,,0.09336122959692668,,0.019081440032543848,-0.5802735447631903,
,,,,,,,,,,,,,-0.3716134000619964,,-0.04818219270380688,-0.8340894475450212,
,,,,,,,,,,,,,1.3908024795107368,,-0.19995220209897271,1.1360056698987278,
,,,,,,,,,,,,,0.7689027540559242,,0.015835838381790923,-0.589295489912472,
,,,,,,,,,,,,,-0.8391290712998429,,-0.06123300160183569,3.5307356877593943,
,,,,,,,,,,,,,-1.2334825682850576,,0.047380106893231154,3.1643542351660505,
,,,,,,,,,,,,,0.39376871146954134,,0.10530987430456172,0.24352129043687837,
,,,,,,,,,,,,,-1.4673675741775674,,-0.07188424254373359,-1.5453311166561543,
,,,,,,,,,,,,,-0.6373595897745398,,-0.1057455208461181,0.8025504171606249,
,,,,,,,,,,,,,2.6322895459694853,,0.14970471037308092,-1.0353327119580482,
,,,,,,,,,,,,,-0.5257934354710303,,0.06467572617991854,1.4500814048593387,
,,,,,,,,,,,,,1.4688726388581175,,0.09614320790114488,2.4442100766545645,
,,,,,,,,,,,,,-1.4294407733321994,,-0.11942439218593826,-2.770515049690954,
,,,,,,,,,,,,,-1.5980102831714758,,-0.05319492327113974,0.3900304396976939,
,,,,,,,,,,,,,3.926403248918228,,0.039924608694455896,2.3555890027718176,
,,,,,,,,,,,,,-1.9235682511113197,,-0.010525360795893819,0.742053425436599,
,,,,,,,,,,,,,-1.0546967762541875,,-0.13045553411006686,0.5290084540008819,
,,,,,,,,,,,,,1.2027454891234959,,-0.08829337259112281,-0.3763598002366015,
,,,,,,,,,,,,,0.20259183064214548,,-0.09017616000494959,-1.0344315008170044,
,,,,,,,,,,,,,1.0946181391203629,,-0.02849596501178067,0.5352901471750432,
,,,,,,,,,,,,,-0.6619791410046356,,0.061511142072153434,1.558739959240534,
,,,,,,,,,,,,,1.6671019668558187,,0.12478760935193875,0.7002743969965374,
,,,,,,,,,,,,,-1.1552778472642238,,-0.0907456897306809,0.5620866552540187,
,,,,,,,,,,,,,0.7922902861775708,,-0.019188516827804952,0.6246552289954548,
,,,,,,,,,,,,,0.9208328058377916,,0.04304583676285308,0.49706521476798393,
,,,,,,,,,,,,,0.7205939117461131,,0.14150527670627877,-1.9595358631290427,
,,,,,,,,,,,,,0.6856908301518784,,-0.09690116922414428,0.48848198892979394,
,,,,,,,,,,,,,1.3334346942636355,,0.1300851023973626,3.1457161182409172,
,,,,,,,,,,,,,2.8340166008113745,,0.16222794901015775,0.18383124379611598,
,,,,,,,,,,,,,-1.5708680025502233,,-0.07245748826636597,-1.6529073485865542,
,,,,,,,,,,,,,3.5323596978777623,,0.2065958344475057,-1.9876529273980397,
,,,,,,,,,,,,,-0.6029065404833311,,0.05678339244244417,-1.7180275903930566,
,,,,,,,,,,,,,1.785790617328497,,0.04313397909452177,0.36851124868115603,
,,,,,,,,,,,,,-0.3836263871570854,,0.1398728434184552,-3.503740292711397,
,,,,,,,,,,,,,0.29558201907274045,,-0.05316302042270939,-2.4798677666390936,
,,,,,,,,,,,,,-1.3847859234673,,-0.16731951089302616,0.9916471390194906,
,,,,,,,,,,,,,2.4133452026070663,,0.03878278175929918,0.8152543862864116,
,,,,,,,,,,,,,-2.292746158274112,,-0.13853328090941452,-1.2827697704064658,
,,,,,,,,,,,,,0.17376104372707066,,0.1123115023791922,-1.6988112508606545,
,,,,,,,,,,,,,-1.22373263468219,,0.04192288281065311,0.4579053810962973,
,,,,,,,,,,,,,2.377023778419793,,0.28600882914855197,-3.1527974826605676,
,,,,,,,,,,,,,-3.244658531274869,,-0.13725294463036677,0.21554459064785017,
,,,,,,,,,,,,,-1.0522754188295753,,0.0893680135614478,-2.2546064925240903,
,,,,,,,,,,,,,-3.433237797259662,,-0.24806799243818214,0.32209234845502904,
,,,,,,,,,,,,,1.2871474900544218,,0.11782363882261229,0.5017616271857317,
,,,,,,,,,,,,,2.871198312562519,,0.19190348366450533,2.000977137051391,
,,,,,,,,,,,,,0.15358579893175753,,-0.07690005445484766,-0.9402229029442817,
,,,,,,,,,,,,,2.402266524810823,,0.06466627103752706,-0.7297062353858879,
,,,,,,,,,,,,,1.3511496946250123,,0.1816079520645631,-1.030830068695339,
,,,,,,,,,,,,,1.1462606731881373,,0.05850379867684146,0.5537721106773663,
,,,,,,,,,,,,,0.9436907334917589,,-0.0023947175134264266,0.03125525740870161,
,,,,,,,,,,,,,2.0395136706869295,,0.13966960008770662,-2.5229905943172035,
,,,,,,,,,,,,,-1.8588550574663185,,-0.12021425864509065,0.07955415457991177,
,,,,,,,,,,,,,0.7007837590034427,,0.09998229137797135,0.0024418236537347596,
,,,,,,,,,,,,,-1.4812024597641666,,-0.0860963496681698,-1.025360254883303,
,,,,,,,,,,,,,0.1795555269434839,,0.002864391589719528,-0.41302805965735867,
,,,,,,,,,,,,,1.4256033128792076,,-0.029712409824167205,-0.8907199293938142,
,,,,,,,,,,,,,0.5214660680251735,,0.009830117109610124,0.4667300069670774,
,,,,,,,,,,,,,-1.7947862122177527,,-0.13699546485699224,-0.23503332921988102,
,,,,,,,,,,,,,1.92576761336664,,0.022396529345870622,-0.23664794240551376,
,,,,,,,,,,,,,0.9918215069705114,,0.16198522483645167,-0.9240631093012188,
,,,,,,,,,,,,,1.8034250784290369,,0.13452854960557548,0.053833144283016554,
,,,,,,,,,,,,,2.373611266731942,,0.18052448371975977,-2.3766117055177913,
,,,,,,,,,,,,,1.9140076474235288,,0.11315922192704116,-1.1984391523959883,
,,,,,,,,,,,,,0.44706790097714266,,-0.0369845532986915,2.4734639214779808,
,,,,,,,,,,,,,0.9620345452908474,,0.13675525543854922,0.16624587201812996,
,,,,,,,,,,,,,1.171900134091768,,0.07047242143142039,-1.2554677411592177,
,,,,,,,,,,,,,2.341093915521038,,0.01951763207397977,-0.5335504739388924,
,,,,,,,,,,,,,3.344926085236787,,-0.0026369560464080985,-2.286086766676055,
,,,,,,,,,,,,,1.7974061250223785,,0.06422609411350456,-1.141860160218489,
,,,,,,,,,,,,,1.4257906197943435,,0.11440994508365461,0.16296825615149582,
,,,,,,,,,,,,,1.0320341663580346,,0.05598390129557751,-1.8579254368006246,
,,,,,,,,,,,,,0.9326293627717444,,0.12678687308473674,-0.6369173574204064,
,,,,,,,,,,,,,1.2585728505798683,,0.12080619309625801,0.06611182087763666,
,,,,,,,,,,,,,1.5471984921990574,,0.008792271428233028,-1.1270891034322141,
,,,,,,,,,,,,,-0.5313941172499053,,-0.039291019246421914,-1.3439303477889357,
,,,,,,,,,,,,,1.134276761452351,,0.12755443797811394,0.1627567831849892,
,,,,,,,,,,,,,-0.20371900348329214,,0.18845919060864502,-2.9160847705039994,
,,,,,,,,,,,,,2.1610203839499853,,0.1697157229002545,-1.0929563136390053,
,,,,,,,,,,,,,-1.495922583188748,,-0.09968392500976635,-0.3812227948284805,
,,,,,,,,,,,,,0.5898094207742449,,-0.04291972850123417,-2.2350452182208977,
,,,,,,,,,,,,,-1.660287134033202,,-0.0635368494521596,-0.18943830425879338,
,,,,,,,,,,,,,1.7165120615297753,,0.02639815595520619,0.4746691264404316,
,,,,,,,,,,,,,1.7414221085347692,,0.004629678445771264,-0.7952987119021838,
,,,,,,,,,,,,,1.4672469804730668,,-0.07009399451240135,-1.7934934055082041,
,,,,,,,,,,,,,0.3120462646794359,,-0.03934111349705221,2.119661924124142,
,,,,,,,,,,,,,-0.7420461829919461,,-0.014266302690980006,-3.4850736270605784,
,,,,,,,,,,,,,0.9125744421231379,,0.03115728628018234,-2.94865044992036,
,,,,,,,,,,,,,1.418194363291256,,0.061791907558533164,-2.9964189002274497,
,,,,,,,,,,,,,0.8518678024796034,,0.014725166627766389,2.0383111103922484,
,,,,,,,,,,,,,4.421125936696183,,0.31622945136266667,1.9820631637797754,
,,,,,,,,,,,,,-2.4344326004455628,,-0.0772477439716666,1.3847846436349436,
,,,,,,,,,,,,,-3.7622307146070457,,-0.16931984466878125,0.9284327424237064,
,,,,,,,,,,,,,3.544465102776421,,-0.02419862738556855,-2.5022018161126374,
,,,,,,,,,,,,,0.2690735033368377,,0.18393954975810678,-3.191444841328681,
,,,,,,,,,,,,,0.4132955886196267,,0.09335090508414648,0.23785625794811052,
,,,,,,,,,,,,,1.1115950989903771,,0.09027638682343837,-0.39465915654171313,
,,,,,,,,,,,,,-1.00138548941865,,-0.17704207050986115,-1.5201014990030917,
,,,,,,,,,,,,,2.929050540330452,,0.3337762576307058,0.7688029328529599,
,,,,,,,,,,,,,3.560760398355481,,0.15304247236359167,4.2101504627322885,
,,,,,,,,,,,,,1.0866912325252467,,-0.07879421367003597,0.241802494711135,
,,,,,,,,,,,,,-1.252800701785597,,0.011130983184617102,1.1859073453889408,
,,,,,,,,,,,,,1.2671072779204766,,0.1130750688546339,0.20995086949787023,
,,,,,,,,,,,,,1.4638447191727122,,0.05028757402805399,-0.01130807140537547,
,,,,,,,,,,,,,0.11142521500070104,,0.09232920942146418,-0.6354503067534708,
,,,,,,,,,,,,,2.13976604396611,,0.15879077533450844,-0.2398710810512833,
,,,,,,,,,,,,,1.379543631264667,,-0.0003326670519819875,-1.9867507648417964,
,,,,,,,,,,,,,0.6084834638703165,,0.06364799525941311,1.7117496155786194,
,,,,,,,,,,,,,2.1085470824050074,,0.16340479323392687,0.15198670739420897,
,,,,,,,,,,,,,5.372043661851931,,0.2197353858842228,1.4126362445069645,
,,,,,,,,,,,,,0.3699576830750671,,0.1100593839466693,-0.7624353593359919,
,,,,,,,,,,,,,0.30244715800577837,,0.04948354426046271,-0.6623459893647985,
,,,,,,,,,,,,,-1.1877930911191386,,-0.15107881782481408,1.4597638373739341,
,,,,,,,,,,,,,0.9063017845815262,,0.011970439227397581,-0.8616973862010963,
,,,,,,,,,,,,,-2.6208386773700565,,-0.14639390404042504,-0.7650042681283634,
,,,,,,,,,,,,,2.74775164772188,,0.029539408656627793,-0.16369634986966866,
,,,,,,,,,,,,,-1.2678517610423017,,-0.16519101220488877,-0.11526799219887335,
,,,,,,,,,,,,,0.29931411626375426,,0.0591900171083148,0.9206214058535616,
,,,,,,,,,,,,,2.4841489610499927,,0.07021979490318862,-1.3667357027156328,
,,,,,,,,,,,,,0.11942277899474228,,0.06091469825203586,-0.304113855963752,
,,,,,,,,,,,,,1.018194624233193,,-0.05322023666105646,-0.9742004298771498,
,,,,,,,,,,,,,0.11376940520595519,,-0.060763109643571026,0.28350553913489684,
,,,,,,,,,,,,,1.0627633631521767,,0.020319545841962806,3.2265510678944067,
,,,,,,,,,,,,,-2.6966476910588746,,-0.22577529196291476,3.4642262866736884,
,,,,,,,,,,,,,0.733092265592358,,0.027303023452728472,1.0360418116604604,
,,,,,,,,,,,,,-3.0540363412546854,,-0.1295219138622264,2.126932901140481,
,,,,,,,,,,,,,1.058965741847969,,0.19605848128224115,1.3655333002529662,
,,,,,,,,,,,,,1.4146987062488254,,-0.05596213250685179,0.1615919880894747,
,,,,,,,,,,,,,1.6433385095705526,,0.05415465238671045,-0.12976942739070751,
,,,,,,,,,,,,,0.6016812844741061,,-0.046810976683991215,1.6467342655548736,
,,,,,,,,,,,,,0.9733560316099824,,0.040835092550463546,-1.7989024817531518,
,,,,,,,,,,,,,0.284183805358853,,0.07357480317958653,-0.46024407088542785,
,,,,,,,,,,,,,0.9850048076673673,,0.08859534635571643,1.2608386428382108,
,,,,,,,,,,,,,-0.9091961375002937,,-0.10474852698939967,-1.0827280066936211,
,,,,,,,,,,,,,-0.8497219117456478,,-0.13842845619460933,-1.5600607379926466,
,,,,,,,,,,,,,1.874619826934639,,-0.02278246256591946,-0.6553884819077521,
,,,,,,,,,,,,,-0.8839747454868705,,-0.025590183368061514,0.8232861968368801,
,,,,,,,,,,,,,-1.6391772635695396,,-0.1933382504822733,-0.8197221528694985,
,,,,,,,,,,,,,0.39160151268812815,,0.07370142962417536,0.20208572305157313,
,,,,,,,,,,,,,0.701459330287272,,0.03175841590830162,-0.957596189076876,
,,,,,,,,,,,,,1.0798426811775579,,-0.014015293256209328,0.012109735610778053,
,,,,,,,,,,,,,1.9791876365678593,,0.133592390263644,-1.5946955618193988,
,,,,,,,,,,,,,1.2347102423016008,,0.09665763853978822,-0.4812370963121838,
,,,,,,,,,,,,,0.9866804042867118,,0.078154509422463,-0.7187822609303588,
,,,,,,,,,,,,,-2.2108283579644037,,-0.2405666347468903,-0.4448435518430224,
,,,,,,,,,,,,,-2.298996464582722,,-0.20512807064113914,1.9201513711451923,
,,,,,,,,,,,,,1.52580599857749,,0.10972071057723806,0.986778133212893,
,,,,,,,,,,,,,-1.8182292402055855,,-0.12604352328334303,0.8323469169440664,
,,,,,,,,,,,,,2.995459241536229,,0.1636861970925861,-1.3253999047430505,
,,,,,,,,,,,,,4.14572171013439,,0.28227140477539275,-0.6360098326733659,
,,,,,,,,,,,,,0.7984150186645879,,0.0273623154620819,-1.204736233122522,
,,,,,,,,,,,,,1.4170822967259726,,0.14049639449741205,-1.5489873092589155,
,,,,,,,,,,,,,2.198316160067838,,0.04611104626848878,2.074298513865229,
,,,,,,,,,,,,,0.3566216470754375,,-0.045630151451365106,1.3712901062813418,
,,,,,,,,,,,,,1.16105012004566,,0.0889360980260822,0.5535016184387951,
,,,,,,,,,,,,,1.8395499568538833,,0.2626255709628166,0.10640137907676658,
,,,,,,,,,,,,,-1.8611640816361614,,-0.016740184164050414,-0.25738167437929943,
,,,,,,,,,,,,,1.7632317441943888,,-0.08861402597315378,0.9952220415622336,
,,,,,,,,,,,,,2.7040387680051494,,0.1676737715216726,-0.23580504326731738,
,,,,,,,,,,,,,1.0627851911193147,,0.0274726867539978,2.0087098529270273,
,,,,,,,,,,,,,-1.812732573796483,,-0.1728995708904158,0.21921893363887077,
,,,,,,,,,,,,,1.6571816442039993,,0.12656828438028234,1.0003856574423122,
,,,,,,,,,,,,,0.7888025688807602,,-0.11718801226435,-0.90688534839545,
,,,,,,,,,,,,,1.1239112954461998,,0.1888788030803874,-1.2034600880764494,
,,,,,,,,,,,,,1.2594016417086848,,0.1188979398560389,-0.36130438047316427,
,,,,,,,,,,,,,-4.388429992028366,,-0.31523602043203885,-0.5960732261084605,
,,,,,,,,,,,,,1.731574533786438,,0.28481069912575435,-1.3584276608682595,
,,,,,,,,,,,,,0.5806053924023115,,0.017351134576557466,0.38394339005735095,
,,,,,,,,,,,,,2.260789916158573,,0.018536657428081704,-0.18726877114444643,
,,,,,,,,,,,,,-3.177954607821901,,-0.0998824134910366,1.0059404197595152,
,,,,,,,,,,,,,1.635470510696047,,0.05582129002072118,-0.7286189607787913,
,,,,,,,,,,,,,0.45787223250125747,,0.1619343685704842,-4.153212039655663,
,,,,,,,,,,,,,1.6563519376529996,,0.21362728296925942,1.435546998569097,
,,,,,,,,,,,,,-1.9383347402041302,,-0.2817516815974379,-1.9437194090013037,
,,,,,,,,,,,,,-2.1640721489785633,,-0.15905978480429084,0.9020532925457256,
,,,,,,,,,,,,,2.3889509918025356,,0.25382191114056074,0.17618608026634047,
,,,,,,,,,,,,,0.6899576061486788,,0.062226077575917964,-0.04070524220697255,
,,,,,,,,,,,,,-0.19086595127675826,,0.08582454907296323,3.4650230556437362,
,,,,,,,,,,,,,1.5080515492523463,,0.20327480438299508,-2.4988758309721715,
,,,,,,,,,,,,,-2.0468634640202223,,-0.11995767481810139,0.21591084135285699,
,,,,,,,,,,,,,-0.5443027747723395,,-0.01966797645343503,0.8190759593315057,
,,,,,,,,,,,,,-3.129563776163583,,-0.15165058684695007,-0.3238560593580053,
,,,,,,,,,,,,,-0.8050324936593695,,0.02798251374472887,-0.8392972743787787,
,,,,,,,,,,,,,-0.992858712386084,,-0.06782685076716556,0.9714346664816694,
,,,,,,,,,,,,,0.5475347680990267,,-0.08685732689818323,-0.9129462668650828,
,,,,,,,,,,,,,1.2467414393275829,,-0.12711119546055893,0.5602675003216605,
,,,,,,,,,,,,,1.743360529816101,,0.17972840300049525,-2.057191538882342,
,,,,,,,,,,,,,-2.4958755493102402,,-0.1511394665518634,0.7219992389232236,
,,,,,,,,,,,,,-1.3897256268753375,,-0.0665036778939061,-0.778877537831959,
,,,,,,,,,,,,,-1.621074512992907,,0.028215231158639886,-0.052631531676313896,
,,,,,,,,,,,,,0.37155043988444847,,-0.08274360733995205,-2.199200867759807,
,,,,,,,,,,,,,2.1392049557078394,,0.18601701435125645,-2.127574675109756,
,,,,,,,,,,,,,-0.14219806245569197,,-0.024091010495951297,4.020313962541031,
,,,,,,,,,,,,,0.7621964079484167,,-0.2070359277723183,-0.5227939269470749,
,,,,,,,,,,,,,-0.8570788833731846,,-0.03990498236330865,1.2392900468833945,
,,,,,,,,,,,,,1.079919393228044,,0.06032900191190905,-0.7890642666899838,
,,,,,,,,,,,,,1.9207978707545887,,-0.08957923574985077,-0.5560044621468808,
,,,,,,,,,,,,,1.4042057234089331,,0.16408236975988258,-0.0028255339810240765,
,,,,,,,,,,,,,-0.6950105155750006,,0.0987613379883576,-0.7455208509067056,
,,,,,,,,,,,,,0.3218391043535183,,0.059450509667446444,0.33360560675357376,
,,,,,,,,,,,,,-2.3913020457666687,,-0.08980636688935575,-0.13777223977647127,
,,,,,,,,,,,,,1.9104927353117298,,0.11935133386700633,0.49172752813612625,
,,,,,,,,,,,,,-0.5605294560255321,,0.023832533380999263,-2.893835265352599,
,,,,,,,,,,,,,-0.7277531931843105,,-0.003511308814633609,1.1343834820988357,
,,,,,,,,,,,,,2.025212941339309,,0.23237948842754846,-0.8928616565516355,
,,,,,,,,,,,,,1.1476620351982831,,-0.04312012344818524,1.2139775691672898,
,,,,,,,,,,,,,-1.608440393331333,,-0.07311314149766034,2.3034771303083685,
,,,,,,,,,,,,,2.7171443116493226,,0.13096043422322237,0.39276415510637563,
,,,,,,,,,,,,,-1.1979043716970688,,-0.1127248943978668,3.542857604633171,
,,,,,,,,,,,,,-1.9806299185226073,,-0.21357553113100983,-0.4066886885980947,
,,,,,,,,,,,,,-0.6086826354749709,,0.04447843189536455,0.3252293550364189,
,,,,,,,,,,,,,0.708023485896945,,-0.016344978043842412,-0.1592269073995113,
,,,,,,,,,,,,,1.0694023080808361,,0.10393768540463626,0.19065931693684418,
,,,,,,,,,,,,,0.6565704283201206,,0.08431622801207989,0.8521010254153745,
,,,,,,,,,,,,,3.1045914681845344,,0.08722266705546088,-0.8298783260189536,
,,,,,,,,,,,,,-0.16129372813322312,,-0.019709568500968333,-0.44957858579267046,
,,,,,,,,,,,,,-2.616622774229384,,-0.13095726284003215,0.4492489990109065,
,,,,,,,,,,,,,3.936484088177762,,0.18612689390286252,0.3941945175148569,
,,,,,,,,,,,,,1.5796089583991073,,0.04292055488327145,0.35303178498992077,
,,,,,,,,,,,,,4.031972306940602,,0.4071087911935412,2.438744295225824,
,,,,,,,,,,,,,-1.2404157936740678,,-0.10007717801524106,0.4017025344675339,
,,,,,,,,,,,,,1.0776753363011087,,0.004969296525503769,0.37006866456903453,
,,,,,,,,,,,,,1.079799617034916,,-0.06911981650774092,-2.742557112463887,
,,,,,,,,,,,,,1.5659056488822118,,-0.03952981840025913,2.2128354361743137,
,,,,,,,,,,,,,1.8506368938977982,,0.233961256535708,1.4633343453460093,
,,,,,,,,,,,,,-0.8595144112709724,,0.09043360444088606,1.9556093416610651,
,,,,,,,,,,,,,0.884575234120246,,-0.045288627243191486,-1.9911618532458917,
,,,,,,,,,,,,,1.0180207515416098,,0.031718956317655825,-0.8560570818156052,
,,,,,,,,,,,,,1.07171537365037,,0.13128215797573034,0.9979397361230529,
,,,,,,,,,,,,,3.4170457802141043,,0.246268769512929,0.08066389633575934,
,,,,,,,,,,,,,0.6242916990812651,,0.1999662142122367,0.38985001486348353,
,,,,,,,,,,,,,1.3993470072483751,,-0.02538819397513173,0.11473905668306583,
,,,,,,,,,,,,,-3.631189642510665,,-0.11737969166805373,-0.2176800517056485,
,,,,,,,,,,,,,3.52189787342963,,0.1791983963105714,1.0953214653365586,
,,,,,,,,,,,,,0.2539103219812712,,0.07117167042360842,0.8584085539689474,
,,,,,,,,,,,,,1.9194422808206137,,0.11611101588801474,0.7902436746794587,
,,,,,,,,,,,,,3.6983013711918318,,0.20099226445249568,-2.7990138181851196,
,,,,,,,,,,,,,1.0396000987754879,,0.08872765656403381,-1.813674999584526,
,,,,,,,,,,,,,0.2878874274583938,,0.12395764238193348,1.1801000491965294,
,,,,,,,,,,,,,2.9095475074312915,,0.14612188693853842,0.7899833080771144,
,,,,,,,,,,,,,2.117327280867177,,0.08677664263979212,0.08777265744523156,
,,,,,,,,,,,,,0.8155040023073996,,-0.019722949035388647,-0.8008258907785697,
,,,,,,,,,,,,,-0.7929436995057214,,-0.01964466010840496,0.32437463089527946,
,,,,,,,,,,,,,1.0316373005959312,,0.15912240324995372,1.824627782169353,
,,,,,,,,,,,,,0.6295218072146761,,0.036104903697291885,-2.4820914623175754,
,,,,,,,,,,,,,0.1790357341675968,,0.07357562918238801,1.5687347775929248,
,,,,,,,,,,,,,0.6082289623251401,,-0.03754088714679266,0.19105196617918382,
,,,,,,,,,,,,,0.857521931434902,,0.16040513998416972,1.3366258522777437,
,,,,,,,,,,,,,2.6129752636780292,,0.20292768888242305,-0.7997696240949856,
,,,,,,,,,,,,,-1.3673173607087483,,0.0035168934993574726,0.3928835261223796,
,,,,,,,,,,,,,3.7654049876780427,,0.18662069281641178,-2.0639418968711594,
,,,,,,,,,,,,,1.2825751484270695,,-0.026801388871452305,-1.0460540844875927,
,,,,,,,,,,,,,2.2727493632467857,,0.1338042693259782,0.15790117087155392,
,,,,,,,,,,,,,-1.2555108112961462,,-0.01374616188381391,-2.458288075894341,
,,,,,,,,,,,,,2.3771231779638327,,0.055887123860358566,-1.041978334596512,
,,,,,,,,,,,,,1.0939891136845796,,0.12303060395626883,-1.4952869443021637,
,,,,,,,,,,,,,0.8646094306357813,,0.058656474034579235,-1.0482130687688926,
,,,,,,,,,,,,,0.23639924942502705,,0.020465302087115042,1.316768822917088,
,,,,,,,,,,,,,1.9333228597076246,,0.1444935519577621,1.7806501377537742,
,,,,,,,,,,,,,0.6800310078911767,,0.13327322079051504,-1.8629719704537595,
,,,,,,,,,,,,,-0.6306008009941876,,-0.06525418874508346,1.0262327949194878,
,,,,,,,,,,,,,-0.7042964323661136,,-0.07638349418593461,-0.4803799490780343,
,,,,,,,,,,,,,3.073494054241754,,0.019126041027517776,-3.746386885356255,
,,,,,,,,,,,,,1.5900297873372182,,0.16066662323019554,-0.6362751509586477,
,,,,,,,,,,,,,1.762993420445186,,0.1674722326930949,0.5133189140751812,
,,,,,,,,,,,,,1.316166082276213,,0.12402056836978226,-1.1909141860768628,
,,,,,,,,,,,,,0.32164125581064457,,0.07591231934912201,1.8860689038737382,
,,,,,,,,,,,,,-1.1722336962753508,,-0.023467577625635262,3.3186187347573575,
,,,,,,,,,,,,,0.3200442654444292,,0.05120482282688399,-0.6313243176105265,
,,,,,,,,,,,,,2.5531081769051718,,0.0729368139004347,-1.2096691973650027,
,,,,,,,,,,,,,-0.6319672802229411,,0.15820938530532427,-2.3424193624804186,
,,,,,,,,,,,,,0.5741478256023125,,0.04317733462386963,-3.725730074087858,
,,,,,,,,,,,,,-0.9724266836327043,,-0.1024328017280589,-1.3794498177730226,
,,,,,,,,,,,,,1.9933431163988689,,0.06815215463531474,-2.2429503262689816,
,,,,,,,,,,,,,-0.5602045911050283,,0.05491417501867363,2.0495438450569243,
,,,,,,,,,,,,,1.1801188630840576,,0.041377883435451956,-0.9590734120620051,
,,,,,,,,,,,,,1.5842705937882033,,-0.008351170110274609,1.4608233580014678,
,,,,,,,,,,,,,0.33524846893265353,,0.020748148378373465,-2.6046783029934906,
,,,,,,,,,,,,,0.845723113432706,,0.06322737273027386,-1.4849279090432184,
,,,,,,,,,,,,,1.3411751662250695,,0.018651607478235476,1.3916062191859653,
,,,,,,,,,,,,,-0.8394035834492983,,-0.09775221348392653,-1.173101420749376,
,,,,,,,,,,,,,0.6200349457344526,,0.12560618044185862,-1.0176506019889338,
,,,,,,,,,,,,,-0.9515798584099461,,-0.11187043357113363,-1.1263910695035388,
,,,,,,,,,,,,,-2.9956173866907174,,-0.16158582924244402,-0.24622067469376988,
,,,,,,,,,,,,,-0.5249774566219761,,0.07510072288339424,-0.5089836781336851,
,,,,,,,,,,,,,-0.1066723282677017,,0.06080617804561864,-0.9462216016505584,
,,,,,,,,,,,,,0.7828496131621566,,-0.17819919409016705,-0.343272582898734,
,,,,,,,,,,,,,-1.7939789766302492,,-0.03492577764269484,1.7751373824317753,
,,,,,,,,,,,,,0.07929637089675637,,-0.043526639364717755,0.43877016268185726,
,,,,,,,,,,,,,-0.8604737264404039,,0.10557057818584763,0.9973676418977878,
,,,,,,,,,,,,,-2.373854996747083,,0.003484319326612507,-1.9969371275856314,
,,,,,,,,,,,,,2.239359243348538,,0.2065603365975346,-1.3429674071913527,
,,,,,,,,,,,,,-0.24341923945316388,,-0.06237360163258512,-1.0915189619381165,
,,,,,,,,,,,,,0.185775760220963,,0.04462027314511709,-2.8155301347362935,
,,,,,,,,,,,,,0.7110718407090757,,0.0029057871492888924,-0.6897819850897188,
,,,,,,,,,,,,,-2.30761312806395,,-0.14712197572761998,0.8510039691293996,
,,,,,,,,,,,,,-2.116826558554227,,-0.13798466396257092,-0.8150672993680299,
,,,,,,,,,,,,,4.602001751237849,,0.3167785720765139,-2.306922245824467,
,,,,,,,,,,,,,4.744504120829991,,0.4120573938089847,-1.0348205716413441,
,,,,,,,,,,,,,2.1879085113398538,,-0.027567489859455483,-1.1527291374690665,
,,,,,,,,,,,,,-3.507848134411789,,-0.19445633473179622,1.0527805444794158,
,,,,,,,,,,,,,0.4550772921647042,,-0.054203959724738196,-1.029967357841717,
,,,,,,,,,,,,,2.771934314308195,,0.12274539101891817,1.1653583928321274,
,,,,,,,,,,,,,-2.1952638155112107,,-0.04242414288143136,1.3581772729671604,
,,,,,,,,,,,,,-0.2841515261475786,,0.017401593173560385,-2.4388320618363863,
,,,,,,,,,,,,,1.1938324374099611,,0.2263608189365799,-0.06059025033077542,
,,,,,,,,,,,,,1.2835857849484353,,-0.03866980181051295,1.9782137479867137,
,,,,,,,,,,,,,2.407695747757788,,0.2929099918505064,2.7389194712270024,
,,,,,,,,,,,,,3.3131388407279503,,0.16614125940769736,-0.09641586899704814,
,,,,,,,,,,,,,1.5305838809819032,,0.04501315623558392,-2.0815065315711663,
,,,,,,,,,,,,,0.27980060487998587,,0.062297970764697334,2.879633128700283,
,,,,,,,,,,,,,-1.1445197612352704,,-0.04430628007489344,1.6745344194115086,
,,,,,,,,,,,,,2.9040251352027537,,0.21455574831512206,-1.0361782529538437,
,,,,,,,,,,,,,-1.7766624487554692,,0.016742427609931686,-0.28946235719496805,
,,,,,,,,,,,,,2.0299848910350047,,0.09560146522935688,-0.9766028579290291,
,,,,,,,,,,,,,0.44364588198056876,,-0.09695504802632106,-0.09226960208394828,
,,,,,,,,,,,,,0.4751492467582474,,-0.025287811797857957,-1.1744537194661757,
,,,,,,,,,,,,,1.478828988222281,,0.11334679357424976,-0.3722789407798457,
,,,,,,,,,,,,,0.6668275527364647,,-0.005204186406335369,1.1645595813930605,
,,,,,,,,,,,,,0.2415886220760154,,-0.07202510778422103,0.8862751024484654,
,,,,,,,,,,,,,-1.675226530603417,,-0.1914153265080964,0.6252452230894828,
,,,,,,,,,,,,,-0.7954249150335089,,-0.057834581615093056,-0.7073065535737428,
,,,,,,,,,,,,,-0.9101475649341946,,0.09065427861919455,0.9037127246874946,
,,,,,,,,,,,,,-2.155701927364686,,0.060973757363190766,-0.11600073040571192,
,,,,,,,,,,,,,0.521813592607279,,0.03955321340532511,-3.3098652115081473,
,,,,,,,,,,,,,2.0070816137058536,,0.07307326963241174,1.2797840149351465,
,,,,,,,,,,,,,0.38593603554976585,,-0.04442285589102284,1.395101164304376,
,,,,,,,,,,,,,0.27012608564031804,,0.0528050736345326,1.1567858408690768,
,,,,,,,,,,,,,-0.82070118057392,,-0.0770996236571713,1.3985193434790768,
,,,,,,,,,,,,,-0.3121501699423655,,-0.07815400837025928,-1.2209877840288001,
,,,,,,,,,,,,,0.6198141484016728,,-0.08773197378780863,0.9578600056433276,
,,,,,,,,,,,,,1.8718360672501562,,0.14767422517281717,-2.651303349871128,
,,,,,,,,,,,,,-0.3567094341598001,,0.06698902128452011,2.8969755334790146,
,,,,,,,,,,,,,1.6869902434376487,,-0.00569094049880316,-0.4155818196093913,
,,,,,,,,,,,,,1.767565146506693,,0.24826619911501624,-2.515174373772934,
,,,,,,,,,,,,,-2.8901247942368817,,-0.14418850675867867,1.5450225164171498,
,,,,,,,,,,,,,-0.4083027880551785,,-0.02512280452879078,-2.3129453132816122,
,,,,,,,,,,,,,1.8733142707475692,,0.049080785138920766,1.2714419298329755,
,,,,,,,,,,,,,0.9844945787664605,,0.12889926388393289,1.5998864713902785,
,,,,,,,,,,,,,-2.0282495397601585,,-0.10978698573008336,1.8293595059208392,
,,,,,,,,,,,,,-3.300522487072428,,-0.2941748273058082,0.4706698836476143,
,,,,,,,,,,,,,1.5023708562938192,,0.07732234990716022,-2.4961996432880578,
,,,,,,,,,,,,,-2.6323414652628285,,-0.18188119414180515,0.3504882223712282,
,,,,,,,,,,,,,-1.7025620159350785,,-0.18952639359885415,-0.7479986378051673,
,,,,,,,,,,,,,0.3804677314721837,,0.10649887384590383,0.7458595055675347,
,,,,,,,,,,,,,1.7628404262703423,,0.12706097368695418,-0.33523790420595995,
,,,,,,,,,,,,,-1.2943172852605531,,-0.003968510834414459,-1.8240459349964542,
,,,,,,,,,,,,,2.2881232486849674,,0.10414698193242115,-2.3155541793373557,
,,,,,,,,,,,,,-1.3836488496220472,,0.12032567116401231,-0.49825314846300534,
,,,,,,,,,,,,,1.3016654116422528,,0.029763502370030177,1.8783673261387097,
,,,,,,,,,,,,,-0.3170435241299246,,0.09199974824479924,2.3859037599839206,
,,,,,,,,,,,,,-0.6258438600198682,,-0.07172387629044273,-1.2120243415562915,
,,,,,,,,,,,,,1.9044736305377197,,0.010797237936033361,-1.7012458691653993,
,,,,,,,,,,,,,-0.9026349891483012,,0.0301588719995809,1.162035292931045,
,,,,,,,,,,,,,0.6938540789214938,,0.0045952023438147836,0.8325108916667211,
,,,,,,,,,,,,,2.246670911187352,,0.04738616178483651,-1.5268004785131164,
,,,,,,,,,,,,,0.7191271075616134,,-0.1603309126176061,-0.6355021296005173,
,,,,,,,,,,,,,-1.650010738484613,,-0.017570579397805413,-1.1482986862750386,
,,,,,,,,,,,,,-0.5197183108184397,,-0.06553041614403989,-0.19186958963082523,
,,,,,,,,,,,,,-1.1435129784384526,,-0.03034868586591975,-0.6630559618726705,
,,,,,,,,,,,,,-0.3996433681827589,,0.061544353144689076,0.44284039443730355,
,,,,,,,,,,,,,-0.4470772942278302,,-0.04446911611839978,0.759012552726122,
,,,,,,,,,,,,,1.2645728574759216,,0.048840003760210554,1.2334183191561903,
,,,,,,,,,,,,,3.166200723917036,,-0.041123166782246076,0.7981759439275858,
,,,,,,,,,,,,,1.1690813735694323,,0.22439338310339413,-0.9478854850471895,
,,,,,,,,,,,,,0.4741669597964995,,-0.030291474368560927,1.5677165566606581,
,,,,,,,,,,,,,2.752569795103205,,0.19443327873362742,2.0097487889288663,
,,,,,,,,,,,,,-0.7597056942968563,,-0.0008012730993995359,-0.10646456829808561,
,,,,,,,,,,,,,-0.9097732645337484,,0.02323118318639658,0.6479780608958399,
,,,,,,,,,,,,,3.3203130500923743,,0.24859233951402962,-0.9934527209005277,
,,,,,,,,,,,,,-1.6356286086820033,,0.16095777869476852,-0.6994193672919844,
,,,,,,,,,,,,,-1.355091204378313,,0.008435323808644816,2.7573996976499853,
,,,,,,,,,,,,,0.43440873376699995,,0.02694118712864766,2.037503101457176,
,,,,,,,,,,,,,1.8055275900811414,,0.09438441593433215,-0.18821496616588487,
,,,,,,,,,,,,,-0.46013705404319755,,-0.14668702267458614,-1.093756024896254,
,,,,,,,,,,,,,1.8194338273652049,,0.1761186434894577,-0.4464506457974349,
,,,,,,,,,,,,,2.673900438421586,,0.08685921703998838,-2.173058347675022,
,,,,,,,,,,,,,0.4765988041477191,,-0.17032577596370696,-2.6844985605107796,
,,,,,,,,,,,,,-1.7236830165634436,,-0.17462595309476808,-0.555424122990806,
,,,,,,,,,,,,,0.5464676627815069,,0.03745748428207806,1.7664676863171096,
,,,,,,,,,,,,,-1.0135331397808258,,0.021935376970509273,-0.1644134056015984,
,,,,,,,,,,,,,0.6758739698005705,,0.008883159661772735,1.5165963732783798,
,,,,,,,,,,,,,0.44946753178234583,,-0.0500487731127948,1.6221022270674332,
,,,,,,,,,,,,,1.1456559705082234,,0.05518222932545589,1.3047088781227725,
,,,,,,,,,,,,,-1.0490841412287346,,-0.14029781296473331,-1.2602798376840711,
,,,,,,,,,,,,,-1.0865286322282692,,-0.12332594363377908,1.0550616477329589,
,,,,,,,,,,,,,0.2960909550425366,,-0.03211004181102436,-1.3693171771464911,
,,,,,,,,,,,,,4.259586995537311,,0.18742563118477995,0.8288231425658318,
,,,,,,,,,,,,,-0.605028292712277,,0.031883581374225096,-1.5407671182294191,
,,,,,,,,,,,,,-3.9080584137864705,,-0.2968149941835518,-3.6024855829287667,
,,,,,,,,,,,,,0.35106103844324715,,-0.002739718336034154,-0.6196883016371592,
,,,,,,,,,,,,,1.5449020542701464,,0.19266052642744017,-2.3574501277473954,
,,,,,,,,,,,,,3.1920863243354454,,0.28771293804121195,2.9681778761897597,
,,,,,,,,,,,,,-2.270902078212263,,-0.11260234216062731,0.9763006191129776,
,,,,,,,,,,,,,-1.1217447878674542,,-0.0548728380711971,-0.9443756638838127,
,,,,,,,,,,,,,1.5062420324134513,,0.03572428078764987,2.7028994546735223,
,,,,,,,,,,,,,-0.9854614786949509,,-0.050038753291069486,2.7793438801714507,
,,,,,,,,,,,,,-0.24545081298066992,,0.045874639953818123,0.666396101747682,
,,,,,,,,,,,,,2.06974089276834,,0.14636097680065427,-0.28961846857308415,
,,,,,,,,,,,,,-2.42334038360162,,-0.19814289862997644,-2.0251080648371187,
,,,,,,,,,,,,,1.1099417430594911,,0.07832670136286492,0.9243587690688332,
,,,,,,,,,,,,,4.506282250335852,,0.23720837277980078,-0.39955041164145016,
,,,,,,,,,,,,,1.8899329309920176,,0.035049257672186314,0.23049860540104855,
,,,,,,,,,,,,,1.405145575004634,,-0.010553901980370694,1.285973728933855,
,,,,,,,,,,,,,-2.4754828681667207,,-0.25861960320014465,-0.12457027494060696,
,,,,,,,,,,,,,-2.5780943589780985,,-0.22662994123784005,-0.3929645871297884,
,,,,,,,,,,,,,0.22786703615736165,,0.10025395505611735,0.5946548649705841,
,,,,,,,,,,,,,-1.5490081904292292,,0.0568997461664827,-0.5791964768836017,
,,,,,,,,,,,,,0.5878160577956291,,0.12673853890429543,-1.047022279273073,
,,,,,,,,,,,,,-1.794344825532148,,-0.08106442285956146,-2.212979498353651,
,,,,,,,,,,,,,-2.698793349069007,,-0.2171995619754468,0.23070858631951272,
,,,,,,,,,,,,,-2.7749033924317485,,-0.1659174606741196,-0.31491058726910315,
,,,,,,,,,,,,,0.9063091843262944,,0.04499920198555007,0.4923182608091073,
,,,,,,,,,,,,,5.312448182283254,,0.2985590631547348,-0.09341564398897191,
,,,,,,,,,,,,,1.094867284758556,,0.1986805457966337,-0.046414662641152654,
,,,,,,,,,,,,,1.197343294851304,,-0.08220645917453784,-2.1929163292018052,
,,,,,,,,,,,,,0.6992653626054798,,0.11441634501764619,-0.44974809254449144,
,,,,,,,,,,,,,2.0849020364016204,,0.07427670166580644,-0.10263846982635638,
,,,,,,,,,,,,,2.2966321944899155,,-0.24394660955407232,0.1733269642688656,
,,,,,,,,,,,,,-2.712976951065969,,-0.24112536330466466,0.35658826784004477,
,,,,,,,,,,,,,1.0052956986040438,,0.09730677549293729,0.9508788418217133,
,,,,,,,,,,,,,0.7434711950897129,,0.10543028300608916,-0.9424497429729143,
,,,,,,,,,,,,,-0.9551503970398828,,-0.039125673109201856,0.7334713041913538,
,,,,,,,,,,,,,0.5541168709171068,,0.048136928413298405,-2.465532642023985,
,,,,,,,,,,,,,1.0212731258792935,,-0.040324717708466074,-2.3369433383375444,
,,,,,,,,,,,,,0.5527255477669198,,0.1636085177372214,0.031597554562854235,
,,,,,,,,,,,,,0.4601768630868386,,0.02420140156458268,-1.3623231095349866,
,,,,,,,,,,,,,-1.2687070174457118,,0.06996155398701769,0.7068375356361721,
,,,,,,,,,,,,,1.3461167351063197,,-0.03820082829526481,-2.6029259232572604,
,,,,,,,,,,,,,-3.267357670180188,,-0.2170199788555225,2.149979055490415,
,,,,,,,,,,,,,-1.8489467608138082,,-0.03523009538973747,0.49899041833936864,
,,,,,,,,,,,,,2.001927607934181,,0.035355094467792315,-2.0660165179912915,
,,,,,,,,,,,,,-2.0019641632883047,,-0.09733041507414363,-2.937396086934073,
,,,,,,,,,,,,,-0.6378312857152948,,-0.006352455599024172,-1.4250912837054683,
,,,,,,,,,,,,,0.07300125645636257,,-0.14172040240973177,-0.2089925580694199,
,,,,,,,,,,,,,-1.3564264501095245,,-0.11953271928732863,-0.06323437522660695,
,,,,,,,,,,,,,2.277029859215857,,0.24773190744103238,0.47764203568056846,
,,,,,,,,,,,,,0.7528547099462694,,0.15765765916897193,1.5725814930859,
,,,,,,,,,,,,,1.8246547650235592,,0.1445117371203412,-1.1091191144435353,
,,,,,,,,,,,,,1.0098122522446955,,0.07830079109885858,0.7557823551700532,
,,,,,,,,,,,,,2.9794295116128318,,0.13477653575637763,1.4582745338270537,
,,,,,,,,,,,,,1.6022242415689618,,0.1674795832561009,-0.38799125860020994,
,,,,,,,,,,,,,-0.08775582262586809,,-0.02188767681368094,2.0542214690381795,
,,,,,,,,,,,,,1.9868638202047102,,0.1577496772287128,0.2297330189538662,
,,,,,,,,,,,,,1.2896504493134537,,-0.05568460368786994,0.4396089893359606,
,,,,,,,,,,,,,0.19551974682009282,,0.015144271297937197,-0.7589604790079358,
,,,,,,,,,,,,,-2.183588005165422,,-0.17593736366708676,1.2062533449440342,
,,,,,,,,,,,,,0.5517795828677621,,-0.08260362644104606,-2.450059502897475,
,,,,,,,,,,,,,1.626081117313888,,0.049317482904018134,1.9329710348362181,
,,,,,,,,,,,,,1.8100629700077835,,0.12199545502505017,-0.2447809636535027,
,,,,,,,,,,,,,1.2968563218266482,,0.1166545159458662,0.5085810385305736,
,,,,,,,,,,,,,1.685025975310384,,0.04404966366925856,-1.3151062769363993,
,,,,,,,,,,,,,2.318923230556707,,0.04757155811470045,0.9761134883935626,
,,,,,,,,,,,,,0.900759188195391,,0.051339639716963426,0.23400160413076923,
,,,,,,,,,,,,,2.97692965376625,,0.18738959660014468,-1.3077851033400933,
,,,,,,,,,,,,,-1.9450556073212373,,-0.19519632613116275,-1.8639665502976213,
,,,,,,,,,,,,,1.4688866350367968,,0.1624757987839004,-0.5467997760660009,
,,,,,,,,,,,,,4.300376490906044,,0.44648527479051764,1.8698568101796391,
,,,,,,,,,,,,,-3.754192229216741,,-0.3445142161559007,-1.5355992096212159,
,,,,,,,,,,,,,0.37403168483795923,,0.06288078533055219,2.8900968402809886,
,,,,,,,,,,,,,3.611871447868522,,0.0786127194561096,-1.309264167239366,
,,,,,,,,,,,,,0.6401143893572178,,0.1166300841930794,-2.716396613038794,
,,,,,,,,,,,,,2.33325158835227,,0.09245099583893494,-2.268727244921382,
,,,,,,,,,,,,,-1.100323789781893,,0.08893003303266937,1.999485185063991,
,,,,,,,,,,,,,-0.2226156646586453,,0.04123636731308417,0.6029484639993875,
,,,,,,,,,,,,,3.0778992138212513,,0.15981146369252933,0.31937200272442023,
,,,,,,,,,,,,,0.8754179808255573,,0.10804561472921297,3.2931880855927598,
,,,,,,,,,,,,,-1.3700507849249475,,-0.007402613822151023,0.4538933333554669,
,,,,,,,,,,,,,1.7224915454998369,,-0.05316374841286979,0.3547473411993212,
,,,,,,,,,,,,,0.3942516511015441,,0.07929300226294318,2.2331347122660765,
,,,,,,,,,,,,,0.8275563334221284,,0.21624055142038326,-0.3333189007792365,
,,,,,,,,,,,,,0.7751034156496376,,-0.01238669742069384,2.1123434121355444,
,,,,,,,,,,,,,0.08954426811682616,,0.08876314560151578,0.7943742541931752,
,,,,,,,,,,,,,-0.5061429799198713,,-0.010426034496162912,-0.06799337922206852,
,,,,,,,,,,,,,0.9954749625692296,,0.11304955804651577,4.066807045416671,
,,,,,,,,,,,,,2.384450166769667,,0.04009013474811094,-2.764315932138782,
,,,,,,,,,,,,,1.974668422823674,,0.24726233856593288,1.8859698109549994,
,,,,,,,,,,,,,-0.8667084485372945,,-0.03377457889643952,-1.3841199187519242,
,,,,,,,,,,,,,3.3067238074299414,,-0.14371503630983676,-1.1865908609585805,
,,,,,,,,,,,,,1.60559119308716,,-0.0690883904323413,1.546135025060058,
,,,,,,,,,,,,,0.6779498624178102,,0.10548272811444177,1.526666710531907,
,,,,,,,,,,,,,0.4083990410181628,,-0.0696582867074359,0.1426732680164008,
,,,,,,,,,,,,,0.6094802294613736,,0.13459209472762804,-2.5988685611828117,
,,,,,,,,,,,,,-3.228324673937246,,-0.1790638831205694,-0.017444973738863924,
,,,,,,,,,,,,,0.21561133998647758,,0.007593117974610176,0.4441869374520885,
,,,,,,,,,,,,,3.2160878450937176,,0.15470049684498027,-0.501664554103388,
,,,,,,,,,,,,,-0.9604472963314441,,0.028961955211664742,1.3935798588379558,
,,,,,,,,,,,,,0.9796637890474987,,0.09449315870133074,-1.4961443781730281,
,,,,,,,,,,,,,0.8923674929564659,,-0.12791606168745934,-0.04828244761278249,
,,,,,,,,,,,,,-2.115569138006152,,-0.2857872955373612,-1.2012717849157646,
,,,,,,,,,,,,,1.136512255020959,,0.08421157834552183,3.6459566697201606,
,,,,,,,,,,,,,2.0226859529790646,,0.21118413726375523,-0.18560834776256793,
,,,,,,,,,,,,,0.7918669908304476,,0.12284785861495828,-1.9958338281771424,
,,,,,,,,,,,,,1.4969279147343422,,0.06383140955175567,-0.1783161124899807,
,,,,,,,,,,,,,2.822044366114781,,0.16937887286043235,-2.20655990567819,
,,,,,,,,,,,,,1.5667525205181088,,-0.11468533094521298,-2.598263221934819,
,,,,,,,,,,,,,1.38340114273054,,-0.07693583565389121,-1.417038502173869,
,,,,,,,,,,,,,-2.067348503723811,,-0.001423289719616769,0.1445817858702921,
,,,,,,,,,,,,,2.2061288912889094,,0.183576384759389,-0.1422398330270243,
,,,,,,,,,,,,,1.160823500099029,,0.041649197606988285,-1.3179806627426194,
,,,,,,,,,,,,,0.597616895547949,,-0.013434187618957236,-2.640735663154926,
,,,,,,,,,,,,,2.8337659646281494,,0.05068824267206318,-1.5815132123521374,
,,,,,,,,,,,,,-0.5498855539240747,,0.09070748749633085,-0.9796091117827589,
,,,,,,,,,,,,,-0.9199877078042586,,0.0823211025704896,-1.274167089744958,
,,,,,,,,,,,,,-1.3508297319273899,,-0.02445877936252866,-2.527116179722446,
,,,,,,,,,,,,,1.9189356524497037,,0.059715598173726625,3.238908963712403,
,,,,,,,,,,,,,1.4915406546010244,,0.06796562637561163,1.3677623540107389,
,,,,,,,,,,,,,1.4536299038753593,,0.09482265107802894,-0.7639443195269832,
,,,,,,,,,,,,,3.531035177238715,,0.0684368867351341,-1.0313730981873437,
,,,,,,,,,,,,,0.29505856273474085,,0.05675507051169062,0.339647345752306,
,,,,,,,,,,,,,-0.30454737058566594,,-0.03970345369367757,-0.14717166079438848,
,,,,,,,,,,,,,-0.8713766703257014,,-0.02691013812961959,-1.4490246079963633,
,,,,,,,,,,,,,-3.008619377939741,,-0.17904631362438841,-1.4444161520462109,
,,,,,,,,,,,,,1.5287698086376291,,0.03421075832174313,-0.9346898501472465,
,,,,,,,,,,,,,-0.23412751558657496,,0.08632553166335752,-4.530356453134097,
,,,,,,,,,,,,,1.7336454343812013,,0.05209130346854538,2.8033399575387308,
,,,,,,,,,,,,,0.8439478981449748,,-0.030116395253080477,0.2436659619111052,
,,,,,,,,,,,,,1.2206835825669238,,0.00908074523681946,1.6367385788641886,
,,,,,,,,,,,,,-0.19500437099390838,,-0.042416875331459145,0.28283747157717326,
,,,,,,,,,,,,,-1.1416727412655143,,0.0050859628298817365,0.30802470523563796,
,,,,,,,,,,,,,0.5873530962566825,,0.024142721025084184,-3.1001956418902386,
,,,,,,,,,,,,,3.09714476790764,,0.27026505581530413,-0.5266406583068353,
,,,,,,,,,,,,,-0.19125195081667268,,0.04300606800234382,-1.503958126958895,
,,,,,,,,,,,,,2.0580558055619105,,0.1355662828228018,-3.6919579943411227,
,,,,,,,,,,,,,1.368274155101413,,0.2641234199971814,1.614244086136533,
,,,,,,,,,,,,,1.154512806325395,,0.02851368479700994,1.2407009124081592,
,,,,,,,,,,,,,1.0236451334253676,,0.07610261704047953,2.006016387640506,
,,,,,,,,,,,,,2.0207037292075505,,0.1211990899127474,-1.1309240214043206,
,,,,,,,,,,,,,0.9195068412726302,,0.07018287978448824,0.9264371252244133,
,,,,,,,,,,,,,-1.5339830877765854,,-0.0693550938370807,0.3335665539641012,
,,,,,,,,,,,,,4.328494135949154,,0.29506626579774314,-1.1522541799378527,
,,,,,,,,,,,,,-2.1147830236881866,,-0.18545217993521085,2.293204767584177,
,,,,,,,,,,,,,-2.537109372141125,,-0.15445980973948037,0.07136825209392238,
,,,,,,,,,,,,,0.4273827450378451,,0.035538417035570334,-1.3781258548402768,
,,,,,,,,,,,,,-1.464851845368084,,-0.16323909013248,2.471174268225263,
,,,,,,,,,,,,,0.7470496090190135,,-0.0005090724217604923,-1.927853815403142,
,,,,,,,,,,,,,4.296856046818047,,0.1536207859482896,-1.8327531093981118,
,,,,,,,,,,,,,1.8431840416813337,,0.1657111630609104,-0.5483680821540425,
,,,,,,,,,,,,,1.4481943675515587,,-0.0009394367584860351,2.18170749592447,
,,,,,,,,,,,,,0.5926545928900817,,0.047914307893899555,1.1306207319015715,
,,,,,,,,,,,,,-3.0448915385823607,,-0.16900736774145847,1.511960066768956,
,,,,,,,,,,,,,3.6658333682619526,,0.2813526373224058,-2.911813949569992,
,,,,,,,,,,,,,-3.262775821547789,,-0.16015444453816732,-0.5581196568692137,
,,,,,,,,,,,,,5.274661082494375,,0.31329178006253044,-1.281211909273537,
,,,,,,,,,,,,,3.5832134641115654,,0.09307329424942815,0.9364367528162711,
,,,,,,,,,,,,,-2.529599674230181,,-0.08817414697565028,0.27399511251915337,
,,,,,,,,,,,,,0.42563206293658806,,-0.0002313908891487183,-2.052266718891648,
,,,,,,,,,,,,,-1.1924149106365731,,-0.005356465256006698,1.3333674476224415,
,,,,,,,,,,,,,1.086876613039204,,0.005371633880647097,1.7101441871874425,
,,,,,,,,,,,,,-0.8768629442823783,,-0.13318060064503093,0.7624798172523842,
,,,,,,,,,,,,,1.2240840912539301,,0.1293841038238311,-0.024122767603315422,
,,,,,,,,,,,,,0.4058496175758822,,-0.02851509038042635,-0.8422320482150223,
,,,,,,,,,,,,,2.5090579742128787,,-0.060723785243570506,1.0189214581136439,
,,,,,,,,,,,,,0.9622889220936673,,-0.11372494856731954,2.669913823998225,
,,,,,,,,,,,,,1.4243622140811996,,-0.08331230684208517,-2.026620386994301,
,,,,,,,,,,,,,1.0650664546385307,,0.10241269695704701,1.6310226746511067,
,,,,,,,,,,,,,1.4929115537808042,,0.06508266292145959,-0.03369285110481093,
,,,,,,,,,,,,,0.28596725793747313,,-0.1059142583176144,-0.5484534291786721,
,,,,,,,,,,,,,2.0041210783148697,,0.0747316878087174,-0.22086949309886886,
,,,,,,,,,,,,,3.742579220057052,,0.10614187545651321,1.9275160312431063,
,,,,,,,,,,,,,-0.6674072354687363,,-0.16858279960773864,-1.3479664638882187,
,,,,,,,,,,,,,-0.9676224834875337,,-0.09832790560628732,-0.0912668776685618,
,,,,,,,,,,,,,1.5272326620476626,,0.03793907576764025,0.7618975492717325,
,,,,,,,,,,,,,2.033133686984077,,-0.09366910414250793,-0.1279570709032471,
,,,,,,,,,,,,,2.0476310364882035,,0.052680137651844074,-0.13811893663958308,
,,,,,,,,,,,,,0.5220626810130492,,-0.013434048552387647,-1.1292847809479087,
,,,,,,,,,,,,,-0.481918442316745,,0.09721012771268489,-2.029978556588212,
,,,,,,,,,,,,,0.2318471386817265,,-0.09757565400739586,2.4665501001367613,
,,,,,,,,,,,,,1.581878426343924,,0.062145933590242015,-0.28649705438132805,
,,,,,,,,,,,,,-1.0868502866556664,,-0.048624217435419816,-2.9684433206251573,
,,,,,,,,,,,,,1.9176378074109626,,-0.061287577786300756,2.6414968634430473,
,,,,,,,,,,,,,-0.6700414636966432,,-0.12172774246267085,-1.4457210943998227,
,,,,,,,,,,,,,-2.2748365008490685,,-0.22819317876235148,-0.21288015116848072,
,,,,,,,,,,,,,-0.9069633463498376,,0.037152879878401976,0.04225729441023045,
,,,,,,,,,,,,,2.796802985650179,,0.03648796174264163,1.808246757283597,
,,,,,,,,,,,,,-2.803964474317724,,-0.09721087073688925,-2.2625334594840125,
,,,,,,,,,,,,,0.6294641117603837,,0.0688064956579555,-2.359715208520524,
,,,,,,,,,,,,,1.3922368295434477,,0.1003903036647756,-1.3688433789204573,
,,,,,,,,,,,,,2.3968188200711205,,0.2655522960413946,-0.36417330624280214,
,,,,,,,,,,,,,3.9806491375420605,,0.1228694531405754,-0.977163816826991,
,,,,,,,,,,,,,-0.9807909353106475,,4.600746202941386e-05,0.6736329212030778,
,,,,,,,,,,,,,1.1671758110140986,,-0.12033082903055216,2.468761041850578,
,,,,,,,,,,,,,-0.3303196438967707,,0.04987278169748713,-0.08750887275180907,
,,,,,,,,,,,,,1.9888405692720152,,0.03156757992140299,1.6666733775217555,
,,,,,,,,,,,,,-2.119551416846003,,-0.09425552656648833,2.370578765933258,
,,,,,,,,,,,,,0.4339402331203946,,-0.12660887784868013,0.973952653246113,
,,,,,,,,,,,,,3.398157212583836,,0.05994926419400793,-0.692435388538115,
,,,,,,,,,,,,,1.180090391886141,,0.1786704056236683,-2.1233869631195277,
,,,,,,,,,,,,,1.853031942551761,,0.21610933407638766,0.805774741221061,
,,,,,,,,,,,,,-1.8498196935046816,,-0.020559893075962184,-0.7118227058418136,
,,,,,,,,,,,,,2.481612980274391,,0.12689299799504633,0.6015891621902429,
,,,,,,,,,,,,,-0.21939021476959167,,0.05210481359697398,0.01121679639007874,
,,,,,,,,,,,,,0.8878246923024562,,0.302307426811788,2.806336622564916,
,,,,,,,,,,,,,1.9448545057258748,,0.005149853832765995,1.4002786386831938,
,,,,,,,,,,,,,-1.3882050908337997,,-0.18281023454871181,-1.7774153319498822,
,,,,,,,,,,,,,-0.04795198087798612,,0.11481893142479763,1.8144372287848904,
,,,,,,,,,,,,,0.9239376703134389,,0.16407921555175975,1.9391740133300992,
,,,,,,,,,,,,,-3.1793728803161567,,-0.15814248571981,-0.30656270819619097,
,,,,,,,,,,,,,0.9088217718670959,,0.01026331189084681,1.9396665489847702,
,,,,,,,,,,,,,-2.0562827122137697,,-0.10017095459621428,-1.1732870274963074,
,,,,,,,,,,,,,0.23317082492888772,,0.057231002015660476,1.672447820314983,
,,,,,,,,,,,,,-0.2900303238015255,,-0.09882307175756383,0.5735995077394621,
,,,,,,,,,,,,,1.5248324495603058,,0.2980228575327907,-2.879044977513536,
,,,,,,,,,,,,,1.2477626318230708,,0.1525860295519967,-1.4160896033858972,
,,,,,,,,,,,,,-0.6216220158653702,,-0.03429119203147802,0.17980077332788602,
,,,,,,,,,,,,,-1.2531509685274003,,-0.08090186622196817,-0.10000323370923382,
,,,,,,,,,,,,,-3.803663743491776,,-0.20663055991743653,-0.04184762897069084,
,,,,,,,,,,,,,1.3750273058152431,,0.07233886478394944,-2.103489670448256,
,,,,,,,,,,,,,1.0918603619283742,,-0.20198358128735278,-2.3638836289620655,
,,,,,,,,,,,,,-0.58231426339642,,-0.007205762525257056,2.3738442825772808,
,,,,,,,,,,,,,-1.1885344503092508,,-0.08226218446029308,-0.08338472567662769,
,,,,,,,,,,,,,-1.3461026650258754,,-0.09214726573349376,2.509375191680146,
,,,,,,,,,,,,,0.2257860053999651,,0.030160193879108264,2.8286850111139876,
,,,,,,,,,,,,,2.465339655104897,,0.15772350833146312,1.6726191036146782,
,,,,,,,,,,,,,-2.27339822639669,,-0.10304877133951733,0.05224080912255465,
,,,,,,,,,,,,,-2.426808352044315,,-0.22992498294979166,1.7148042311592833,
,,,,,,,,,,,,,-1.0410220089629265,,-0.1104432692697615,0.7732565806339207,
,,,,,,,,,,,,,2.4435500342969156,,0.11911548829967947,0.4799935955089676,
,,,,,,,,,,,,,-0.7773433301964732,,-0.0154832220535708,-2.2550949336639357,
,,,,,,,,,,,,,1.3054575813564298,,0.09897206662925137,0.26405084886737945,
,,,,,,,,,,,,,-0.8862454561246694,,-0.1984350886916801,-1.2303342746763049,
,,,,,,,,,,,,,4.148690402775111,,0.08234512652297796,-1.132470079328204,
,,,,,,,,,,,,,0.9148388103342715,,0.059980207934986735,-1.9071798573698027,
,,,,,,,,,,,,,1.8368695042385779,,0.009191346712539976,0.015962781639638643,
,,,,,,,,,,,,,0.3611795289905769,,-0.04986855035958332,-1.5839595404084996,
,,,,,,,,,,,,,-2.9211030862646896,,-0.17300248644633381,1.1974899832469879,
,,,,,,,,,,,,,3.9348481945310385,,0.21949776555313058,-0.7034555064484517,
,,,,,,,,,,,,,0.23218885166177214,,0.02397111414690952,-0.6497964302399555,
,,,,,,,,,,,,,-0.7258554135366421,,-0.046458707549820025,0.5602683769388475,
,,,,,,,,,,,,,-1.4496734260399395,,-0.19375991452658095,-0.08450175734343995,
,,,,,,,,,,,,,1.7015743339297247,,0.013212507487927874,0.5389499588819952,
,,,,,,,,,,,,,-1.1997591976171755,,-0.07779812735544873,0.3269254225952643,
,,,,,,,,,,,,,-3.8275729520728072,,-0.37295196763280664,0.15533481134285343,
,,,,,,,,,,,,,0.9802265066436875,,-0.0482360042325844,-0.8783752482832805,
,,,,,,,,,,,,,2.56860514193307,,0.2019670884210044,-0.39400735517598096,
,,,,,,,,,,,,,3.3231692460692464,,0.19269878269194554,-2.1566146714066528,
,,,,,,,,,,,,,0.13674851519673734,,0.1296118401010539,1.1215360308812201,
,,,,,,,,,,,,,3.5244891482417087,,0.40416121095386537,-3.2782935804020217,
,,,,,,,,,,,,,1.1030636233145554,,-0.10840455655648594,-0.04581959983472985,
,,,,,,,,,,,,,2.7922199496365203,,0.09869912150066118,1.4006816031715679,
,,,,,,,,,,,,,1.95151527138018,,0.05047971918435864,-2.342737233619619,
,,,,,,,,,,,,,0.11278189915004469,,-0.12539329101141744,-1.6914484448994298,
,,,,,,,,,,,,,-0.749601572393335,,-0.11820047405867948,0.2021940519082365,
,,,,,,,,,,,,,-0.3131458128698209,,-0.03141907042190221,2.641798159408292,
,,,,,,,,,,,,,0.49562596355621136,,-0.05236775585041472,-0.39846771251772234,
,,,,,,,,,,,,,-1.3905310712584087,,-0.19521625227437422,-0.16894829908936188,
,,,,,,,,,,,,,0.7934358953540365,,0.01921256586595051,1.1605328248082643,
,,,,,,,,,,,,,1.1668312044002211,,0.09249938456893625,-1.1653590841728247,
,,,,,,,,,,,,,2.862767380462111,,0.1872683867441111,-1.2020839635020892,
,,,,,,,,,,,,,-1.4661418345832662,,0.005125095223703953,2.7274011722063323,
,,,,,,,,,,,,,2.295529608050816,,-0.007477156350099004,0.5182670180412774,
,,,,,,,,,,,,,4.188003369788025,,0.09400143058628573,-1.251644871448559,
,,,,,,,,,,,,,0.2264536253816929,,-0.01887547726206602,0.17705316067108198,
,,,,,,,,,,,,,1.441843836145501,,0.24654376975850614,1.9954234175718792,
,,,,,,,,,,,,,1.4619143062505955,,0.05062548385649283,1.942917979969431,
,,,,,,,,,,,,,-4.313648232227574,,-0.21029586846477563,-1.998057419989345,
,,,,,,,,,,,,,0.7333290343484767,,0.09882271812732939,-0.6408559564938168,
,,,,,,,,,,,,,-1.9895071536711584,,0.10462565911527454,-0.5106728563230177,
,,,,,,,,,,,,,1.4099162871876614,,0.16450839201241677,-0.08421622312595396,
,,,,,,,,,,,,,0.769085321551909,,-0.08211510190128236,0.7976768209462998,
,,,,,,,,,,,,,0.784656558881811,,0.08434556617226449,-1.8406696909499332,
,,,,,,,,,,,,,-3.2688748910070027,,-0.1780691327526332,0.9435604939567421,
,,,,,,,,,,,,,-2.022183177407864,,-0.10221535052368749,0.5377010841852269,
,,,,,,,,,,,,,2.0712554917726007,,-0.08934820103517441,2.9602225781703075,
,,,,,,,,,,,,,1.8450629787122255,,-0.019015274858422714,-0.06489957262267654,
,,,,,,,,,,,,,-0.9612040339894306,,-0.009147083153182594,-0.9572979682766952,
,,,,,,,,,,,,,0.956137468640606,,0.022473232290200807,-0.7754941051351938,
,,,,,,,,,,,,,1.9167011006521744,,0.1263387567877362,-0.516944149529803,
,,,,,,,,,,,,,0.9438479535944169,,-0.009139918025577065,1.7817938089636745,
,,,,,,,,,,,,,0.4036796564624264,,-0.12212266078829075,-0.8993940148175409,
,,,,,,,,,,,,,2.2365966379868536,,0.19736580695354508,1.4047992879953395,
,,,,,,,,,,,,,0.2481108281653581,,-0.010509371192081984,-0.7795059854772644,
,,,,,,,,,,,,,0.07634084627692335,,-0.05426760553678611,-1.0999746996678956,
,,,,,,,,,,,,,1.1583148837539634,,-0.03852906395758726,0.29053066653494103,
,,,,,,,,,,,,,1.1340118750374322,,0.1100069728957944,-0.5584863003523073,
,,,,,,,,,,,,,-0.2951091604695631,,-0.022961145394406177,-2.4136905116277756,
,,,,,,,,,,,,,3.1836678664075624,,0.06459875010166266,-1.0225768299137008,
,,,,,,,,,,,,,1.145852137862765,,0.049283330046819215,-0.1260758638016043,
,,,,,,,,,,,,,2.0158768429797376,,0.003189145289863232,-0.5077356247454378,
,,,,,,,,,,,,,1.546223982719797,,0.18627887378477967,-1.0644561962395376,
,,,,,,,,,,,,,-1.190195482397811,,-0.08318382747963593,-0.43298177965784174,
,,,,,,,,,,,,,1.6116111204659376,,0.08941511865040375,0.2545057540326933,
,,,,,,,,,,,,,0.5963800930486729,,0.044580677826352944,0.9500266489068824,
,,,,,,,,,,,,,1.9379169152036713,,0.0353087746412485,2.1324544702995674,
,,,,,,,,,,,,,-2.1831249691077605,,-0.07382773344844867,3.367666475704007,
,,,,,,,,,,,,,-1.1679925366652657,,-0.010546662938717125,1.4736230957071663,
,,,,,,,,,,,,,1.5635503275136162,,0.12973955888890126,1.1261575388709832,
,,,,,,,,,,,,,1.063496160270751,,0.12516321528908486,0.0071683122557707,
,,,,,,,,,,,,,-0.9239822665986276,,-0.08960166713812921,0.7642419307256709,
,,,,,,,,,,,,,2.1944662625413502,,0.026900847414564163,-1.891042965396097,
,,,,,,,,,,,,,2.1477189884577803,,0.08885873313876978,-1.7965781731269956,
,,,,,,,,,,,,,0.7863141691159085,,0.04870587354817827,0.3643091687013262,
,,,,,,,,,,,,,2.3956041465236613,,0.07743136444542131,-0.8466527768130323,
,,,,,,,,,,,,,0.7452486226109235,,-0.1569443392522107,2.0546685061756897,
,,,,,,,,,,,,,0.5733025536246347,,-0.0649117025760485,-2.7931528081748698,
,,,,,,,,,,,,,0.6168811740644251,,0.08478549420823535,0.21109968676024665,
,,,,,,,,,,,,,1.043652622777015,,0.06155217230817056,-1.808824066618024,
,,,,,,,,,,,,,3.2082787076036836,,0.2288338583711712,3.741801844774328,
,,,,,,,,,,,,,-0.9999110169583159,,0.06898368319158286,-0.21401449668622255,
,,,,,,,,,,,,,1.472243677117933,,0.06522462051867269,0.7582064803617528,
,,,,,,,,,,,,,-0.7536506954576334,,-0.11742383244697263,-1.3324381432156516,
,,,,,,,,,,,,,0.7498249190179856,,-0.03201824956281266,1.3684189259200847,
,,,,,,,,,,,,,1.8597341478770355,,0.1461384837321056,0.5780081738692426,
,,,,,,,,,,,,,1.8044825342583648,,0.2119635918013837,-0.7478889935709332,
,,,,,,,,,,,,,-2.4867356908084046,,-0.14345786276569444,-1.3475599275233257,
,,,,,,,,,,,,,0.36985288463140065,,-0.11658042490892145,-1.5195093244458862,
,,,,,,,,,,,,,-2.751276959084366,,-0.24971691241734098,0.05492704495768237,
,,,,,,,,,,,,,0.34673053965501194,,-0.012538781136885817,-0.13998532518273196,
,,,,,,,,,,,,,1.4855862958362078,,0.00635071025347316,0.24400845525030412,
,,,,,,,,,,,,,0.3000478635395008,,-0.05171088595636407,2.495378873204601,
,,,,,,,,,,,,,3.3159560907005288,,0.16040286554504943,1.006168691312516,
,,,,,,,,,,,,,2.7576557481769175,,0.2244396252977314,1.1880291624388084,
,,,,,,,,,,,,,0.803595147076039,,-0.2037484184087815,1.316354036861848,
,,,,,,,,,,,,,1.1539169103020321,,0.174653874597737,-2.45181206582914,
,,,,,,,,,,,,,0.8170178430309158,,0.035662655059978315,-2.395712472741026,
,,,,,,,,,,,,,0.6150942713052173,,-0.1254235065740409,1.4777834509409002,
,,,,,,,,,,,,,-1.0658305193338065,,-0.1702499216503916,-0.47420616940592764,
,,,,,,,,,,,,,-2.6825208643286773,,-0.1821396774615059,-2.411551747300191,
,,,,,,,,,,,,,3.9442318700923464,,0.27243937503498983,-0.5484777623163859,
,,,,,,,,,,,,,0.7331086351394405,,0.06002340941670026,2.182287946643828,
,,,,,,,,,,,,,-0.24461987880808772,,-0.0004524355919234511,0.9080300950674938,
,,,,,,,,,,,,,0.29468598851743727,,0.012009271699834352,0.9728817552560345,
,,,,,,,,,,,,,1.5357559153072144,,-0.05367037330752601,0.3405018723349376,
,,,,,,,,,,,,,1.5076148748637883,,0.08507212127075352,-2.168814804253449,
,,,,,,,,,,,,,-1.0408984746487753,,0.029966649989084656,-1.8604479714036761,
,,,,,,,,,,,,,1.8757342766977847,,0.06479617230983202,1.483511916791105,
,,,,,,,,,,,,,2.0999258678883366,,0.19906057613200143,0.13787463939193778,
,,,,,,,,,,,,,0.4251923116249168,,-0.14123156314246957,-2.3052758071177437,
,,,,,,,,,,,,,1.118284772072527,,0.01789697268325105,-0.8032659109478926,
,,,,,,,,,,,,,-1.1527530467834657,,-0.13753457382962556,-0.20395589865866862,
,,,,,,,,,,,,,2.6611023169103922,,0.163739507673811,-0.9802320292669079,
,,,,,,,,,,,,,0.7936986744254333,,0.06457925410446301,0.5090513628327261,
,,,,,,,,,,,,,1.0574318625146713,,0.10510773262741936,0.9953261731694286,
,,,,,,,,,,,,,-2.683655955980689,,-0.18397427209208495,1.853582201363526,
,,,,,,,,,,,,,-0.5630052736944512,,0.0702522666918455,0.34224059891742975,
,,,,,,,,,,,,,2.7044892164806487,,0.3124802456646555,-0.4952053688693844,
,,,,,,,,,,,,,-1.9428108319426272,,-0.03392545438624909,-1.5162156056890956,
,,,,,,,,,,,,,1.7830459753512617,,0.26470143237062266,-0.6800488076657019,
,,,,,,,,,,,,,-0.4533517737432279,,-0.009029797290408766,0.5649619966331295,
,,,,,,,,,,,,,-1.197532042965349,,0.07700392803270728,-2.1716238734242537,
,,,,,,,,,,,,,3.444251463324072,,0.2825248971216237,0.37885945408530497,
,,,,,,,,,,,,,2.000788473781477,,0.13527717372386142,-1.425871232494272,
,,,,,,,,,,,,,-1.3054392745258103,,-0.05536008267973281,4.096159126854331,
,,,,,,,,,,,,,-3.7482157786230257,,-0.2775197686362796,0.3473827453080831,
,,,,,,,,,,,,,-1.852365601741872,,-0.17325087640634554,1.7795478548185444,
,,,,,,,,,,,,,0.17098795947939072,,0.00013214810980159767,1.8452478061180413,
,,,,,,,,,,,,,-1.96494434680116,,-0.1174760208602621,-0.1688680291272842,
,,,,,,,,,,,,,4.047482923729747,,0.11075686117198892,-2.3282250046508333,
,,,,,,,,,,,,,0.6247639122915272,,0.020250720544334834,-1.4770213984241716,
,,,,,,,,,,,,,1.4705945099454,,0.1644585053980664,1.8243611549890117,
,,,,,,,,,,,,,0.6080516350320708,,-0.010443497403887062,1.4833879210347418,
,,,,,,,,,,,,,1.1115488678300947,,0.0121322153695753,-0.767916422416146,
,,,,,,,,,,,,,3.938539102198946,,0.2858468100236969,0.5695019650474794,
,,,,,,,,,,,,,-2.0258391890137917,,-0.09519387012271682,-0.07439288065778756,
,,,,,,,,,,,,,2.5481670799726195,,0.0625464666961805,0.7949126829535303,
,,,,,,,,,,,,,1.0282124549213574,,0.050006311055559784,-0.10951037012664898,
,,,,,,,,,,,,,2.5653972265247655,,0.10095609211644484,2.0757483600945683,
,,,,,,,,,,,,,-3.225309747505105,,-0.21393207929783956,-1.6651312567981345,
,,,,,,,,,,,,,0.7025797988197062,,0.1616742740940711,0.5425922932031707,
,,,,,,,,,,,,,-2.2247571647106383,,0.06488618478957779,1.4561713386956514,
,,,,,,,,,,,,,1.1604884141349652,,0.10299205467772213,-0.327834846345648,
,,,,,,,,,,,,,0.6286579989197567,,-0.058608762706149176,-1.058298328495435,
,,,,,,,,,,,,,0.6664527987528837,,0.10805267613412138,-1.9687349091855317,
,,,,,,,,,,,,,3.4048145845449245,,0.11860367314077563,-1.276785578830205,
,,,,,,,,,,,,,0.2395753922751115,,0.07276879857823332,-0.4120448448803347,
,,,,,,,,,,,,,-3.297774394239593,,-0.17144138682892457,-1.8400748402145795,
,,,,,,,,,,,,,1.0089645616320224,,0.0871375816477099,2.4597028170330617,
,,,,,,,,,,,,,4.057222471042866,,0.08988050683769337,0.7693208493317477,
,,,,,,,,,,,,,1.7734399267030756,,0.23834195265862876,0.2733716153460443,
,,,,,,,,,,,,,-1.9512949632608216,,-0.14487722953111967,1.5945116510952575,
,,,,,,,,,,,,,-1.7808763680903839,,-0.27685885626268864,-0.4133677047480712,
,,,,,,,,,,,,,1.7434442499344733,,0.016682211269595244,-1.2568110509408665,
,,,,,,,,,,,,,1.4060073166840228,,0.04418031751576195,-0.8475656225120686,
,,,,,,,,,,,,,-1.879981552561324,,-0.131318447241289,-3.0830749257518075,
,,,,,,,,,,,,,1.6984106492031164,,0.07736031201593221,-0.8044921350568195,
,,,,,,,,,,,,,-0.7045008868758149,,-0.00022648128614797907,-0.475236105763425,
,,,,,,,,,,,,,-0.38549888148141376,,0.04506331064640057,-0.023289095083117505,
,,,,,,,,,,,,,0.37989476013575707,,0.047181085287681175,1.9569138309914695,
,,,,,,,,,,,,,1.6875347501648539,,0.1495434521588763,-0.36409258648776077,
,,,,,,,,,,,,,0.3355471238749969,,-0.10873138239048454,-0.5196282336399503,
,,,,,,,,,,,,,-1.954577012403662,,-0.10979476658715803,0.08369484574474075,
,,,,,,,,,,,,,3.5969071619208606,,0.3532357111349085,-0.9324665670568569,
,,,,,,,,,,,,,4.453110650823345,,0.27038996821179373,1.8324450499969234,
,,,,,,,,,,,,,4.014491447791245,,0.1226811447498216,-0.9045872323784889,
,,,,,,,,,,,,,1.152535408304573,,0.1125587042900133,2.748137972820257,
,,,,,,,,,,,,,1.6677183812992131,,-0.20355766238409137,3.249618872315604,
,,,,,,,,,,,,,-1.1898309337047577,,-0.11030704928653547,-0.7156022508965063,
,,,,,,,,,,,,,1.7032087325216387,,-0.0013611597167337516,-0.32894535747934117,
,,,,,,,,,,,,,1.4612337918171867,,0.11062338985707171,-4.133779230614956,
,,,,,,,,,,,,,-2.850479249986166,,-0.2798633655107336,-2.761921251136338,
,,,,,,,,,,,,,3.1479084962104658,,0.26202062288144884,0.08583255445855602,
,,,,,,,,,,,,,1.5383546376157298,,0.11501065875459078,-0.4008454715503735,
,,,,,,,,,,,,,0.3550687648432826,,-0.0015128082390356067,0.5883782482671092,
,,,,,,,,,,,,,0.40648610090543547,,-0.055594706482582995,-1.1906499638515822,
,,,,,,,,,,,,,0.8164403485100804,,0.054564590784160504,-1.9025117339261022,
,,,,,,,,,,,,,-1.2365298415709538,,0.008553348302402139,1.400359024688148,
,,,,,,,,,,,,,2.236254552734097,,0.10850661750889905,0.633560584121771,
,,,,,,,,,,,,,1.6651123449734586,,0.06815012154349023,0.016921496922161685,
,,,,,,,,,,,,,2.1184910681508358,,0.046076863354434776,-1.0858170899069,
,,,,,,,,,,,,,0.855964329974151,,0.10131474384943893,0.26398807239242966,
,,,,,,,,,,,,,1.0619677775461294,,0.15493792547812213,-0.11381623242764972,
,,,,,,,,,,,,,-0.4347303329661348,,0.006673200733400748,-1.7170010102217719,
,,,,,,,,,,,,,0.8414733116094404,,0.0681463552946763,1.5428723561594673,
,,,,,,,,,,,,,1.9645573169310433,,-0.008468428314985947,0.6566637353046736,
,,,,,,,,,,,,,-1.0065818769967043,,-0.01650898921052555,-2.3834934544863673,
,,,,,,,,,,,,,1.1757524992639592,,0.07652747515185464,-0.11175893038789239,
,,,,,,,,,,,,,2.095097087933256,,0.22505573075568547,-1.6142106334898618,
,,,,,,,,,,,,,-0.7764717991416761,,-0.055982686844034873,-1.1082821677876253,
,,,,,,,,,,,,,-0.6120604341495519,,-0.060440100414510096,-2.380552446559854,
,,,,,,,,,,,,,1.3367025423962164,,0.013776721633312634,-1.0289841011406102,
,,,,,,,,,,,,,0.9996715475482624,,0.025787677324882453,-0.9224756628322791,
,,,,,,,,,,,,,0.4108357704349579,,-0.10936011628223904,0.08799249850680169,
,,,,,,,,,,,,,1.7142612973185365,,0.18286866894275525,-1.8240678344786134,
,,,,,,,,,,,,,3.2396690242583293,,0.13790330836501846,-1.9415948326880974,
,,,,,,,,,,,,,-1.1008624573480088,,-0.02444471289750933,1.204425357781676,
,,,,,,,,,,,,,3.9929127905736834,,0.291303395018602,0.611873172840568,
,,,,,,,,,,,,,-1.7611828556813125,,-0.20702465558281655,0.12791121533459174,
,,,,,,,,,,,,,1.0968382276201145,,0.12600174453426927,-1.8010007829572812,
,,,,,,,,,,,,,0.4929320999249035,,-0.09479797100287674,-1.2167361878215637,
,,,,,,,,,,,,,-0.3920607516505886,,0.02452845218650162,0.2036847681120483,
,,,,,,,,,,,,,0.7782622829605167,,0.05883310160549344,0.47681635109233866,
,,,,,,,,,,,,,1.574793791350567,,0.048378077763064846,0.636680704817049,
,,,,,,,,,,,,,-3.3315354177231136,,-0.24548386252990123,4.06028329697252,
,,,,,,,,,,,,,0.6853225202225199,,-0.019237067132075285,0.7644870815480492,
,,,,,,,,,,,,,2.0088280413977637,,0.26059799625117686,0.12719288243166343,
,,,,,,,,,,,,,0.6437355411140692,,0.03760740499002562,-0.7145144646264974,
,,,,,,,,,,,,,1.9640429074776224,,0.1263519353269687,0.26589090014637606,
,,,,,,,,,,,,,-1.659793622157514,,-0.09851575683524137,-0.4865722593767208,
,,,,,,,,,,,,,1.5551310636894289,,0.11209856150546418,-0.4855807953171857,
,,,,,,,,,,,,,2.5686632032165755,,0.10131827289606414,4.340649550347129,
,,,,,,,,,,,,,3.758650437232694,,0.19737716376267278,0.5802472873283749,
,,,,,,,,,,,,,1.7294286863480475,,-0.01995333444438465,-0.13609451585449422,
,,,,,,,,,,,,,-0.5521651538428148,,-0.048144713831750945,0.9949431143755099,
,,,,,,,,,,,,,3.9868914188841234,,0.3175926861454885,0.7096052020849741,
,,,,,,,,,,,,,1.274719644830966,,0.14224905550568503,-1.0684403504622553,
,,,,,,,,,,,,,-1.3838093918296936,,-0.08113089328005718,1.4544623721105674,
,,,,,,,,,,,,,2.5447224643784994,,0.034722414367704665,-0.26757959712254553,
,,,,,,,,,,,,,-0.5342845217647222,,-0.10933561404880775,-2.4890953760541463,
,,,,,,,,,,,,,0.9716146669284935,,0.06427660602704634,0.9809113954217609,
,,,,,,,,,,,,,2.0121928678987255,,0.18597148175169098,-2.129218209085026,
,,,,,,,,,,,,,-2.394521826084133,,-0.2379879670120648,-1.15229409343926,
,,,,,,,,,,,,,2.631600812977895,,-0.12267248490587136,0.1818263199278195,
,,,,,,,,,,,,,0.5057611235041946,,0.08968650272177059,0.10255694498959289,
,,,,,,,,,,,,,1.9276867583584032,,0.25029964485981665,0.08945123422836043,
,,,,,,,,,,,,,-1.6560386515631207,,-0.09374024514438337,-0.20387970973356656,
,,,,,,,,,,,,,-2.743213620113836,,-0.22415954758202689,0.4343219274398731,
,,,,,,,,,,,,,0.13297926105252203,,-0.027834877425616016,-1.9928645937838327,
,,,,,,,,,,,,,0.07267936256717006,,0.04256818121261211,-0.6801302316384467,
,,,,,,,,,,,,,-1.9538722763178968,,-0.1337010972636765,-0.008007095816266355,
,,,,,,,,,,,,,-1.6615512982515501,,-0.018632201986618434,-0.09340736337897258,
,,,,,,,,,,,,,-0.7685165159267489,,-0.054868361919242624,1.094510854986393,
,,,,,,,,,,,,,-0.9943968545818997,,-0.04299355871576594,-0.09910949464490848,
,,,,,,,,,,,,,0.06922553783838635,,0.11588154126537825,2.3410609482817217,
,,,,,,,,,,,,,0.6294940799293453,,-0.17150938896978185,1.308127220478168,
,,,,,,,,,,,,,0.7331641229654892,,0.13257933464352106,1.256054136162824,
,,,,,,,,,,,,,-0.5843423528346238,,0.05337402033471024,1.093943854910264,
,,,,,,,,,,,,,-1.2831308390127407,,-0.15349301909800514,-2.018122048062717,
,,,,,,,,,,,,,-0.9025621994513224,,0.007349611282166192,0.2917697083732261,
,,,,,,,,,,,,,2.5845027050238154,,0.1531077608018656,-0.17495749105584837,
,,,,,,,,,,,,,0.6054824844784839,,-0.07867044842283133,-0.1464274488680025,
,,,,,,,,,,,,,2.0309250654597015,,-0.1397883381383093,-3.211211187056923,
,,,,,,,,,,,,,0.4469144575840329,,0.011814281185920747,-0.45948192616048483,
,,,,,,,,,,,,,1.9793231028388363,,0.10106328006009627,2.1646323254706976,
,,,,,,,,,,,,,0.5888080045870338,,0.07977489680976359,-1.8999103983269414,
,,,,,,,,,,,,,0.9155520047888608,,0.10002740387185786,-1.5098567630893123,
,,,,,,,,,,,,,0.8926465509230355,,0.03508478411335749,-1.1272467337652294,
,,,,,,,,,,,,,1.1309935364895987,,0.04691129199953598,-2.4482472372520987,
,,,,,,,,,,,,,-2.2974363788072627,,-0.050173897560771855,-0.3156330638067598,
,,,,,,,,,,,,,2.2811839620531567,,0.18336072663268088,0.5634794153338494,
,,,,,,,,,,,,,1.5554824657354085,,-0.027162194535086708,-0.0400588555431487,
,,,,,,,,,,,,,0.9537329434440913,,0.01199100838873749,-1.6471463446366021,
,,,,,,,,,,,,,-1.264887787808708,,-0.23533382020872504,-1.3679843492533137,
,,,,,,,,,,,,,-0.8954380121619275,,0.051213123176931115,0.7450863597896754,
,,,,,,,,,,,,,-2.0213829754662798,,-0.09235509717936691,-1.69005989696539,
,,,,,,,,,,,,,4.588333836437071,,0.33184114165973433,-0.7047138649793359,
,,,,,,,,,,,,,1.0200688349445546,,0.01704439914371852,-0.9799128433932933,
,,,,,,,,,,,,,1.1948235741301425,,0.06328183962631836,1.3607952803632106,
,,,,,,,,,,,,,1.53934966612444,,0.07988729588972517,0.5669444002802422,
,,,,,,,,,,,,,-1.6781033179788734,,-0.11271328634275109,0.5173228496805152,
,,,,,,,,,,,,,1.4495743010409206,,0.14791041500129876,0.07057950287179579,
,,,,,,,,,,,,,-0.4148767468096898,,0.1295367299460448,0.40101918693796595,
,,,,,,,,,,,,,3.7585597772673545,,0.04175012914250898,1.1628655675437956,
,,,,,,,,,,,,,2.9921957463659457,,0.19311203377628608,3.0548354353929734,
,,,,,,,,,,,,,2.53320228499988,,-0.061154698829034286,-2.2913505785332116,
,,,,,,,,,,,,,0.4498817084403724,,-0.0010634365741516282,-0.3166898974033301,
,,,,,,,,,,,,,0.26348561884872984,,-0.08604263356544409,2.4193765023467018,
,,,,,,,,,,,,,2.01347013836592,,0.16033286839763763,-2.7801837469274506,
,,,,,,,,,,,,,1.5691827233064755,,-0.05397904153977759,1.270499746649381,
,,,,,,,,,,,,,0.7848265481588669,,-0.010039455545589765,-0.029174877305676365,
,,,,,,,,,,,,,0.33280694490380197,,0.07240236664603505,3.776989739165399,
,,,,,,,,,,,,,2.1334141067470425,,0.2382633808675917,0.746042520982591,
,,,,,,,,,,,,,1.0688510456326719,,0.15837581006033843,-0.7241037643112607,
,,,,,,,,,,,,,-1.219186733330088,,-0.12566360050853836,-0.890637198491556,
,,,,,,,,,,,,,1.4786891522742205,,0.19403804342771472,-1.2210501736499935,
,,,,,,,,,,,,,-1.5461914182259533,,-0.038482906188500386,1.3487141534349232,
,,,,,,,,,,,,,-2.012190948802945,,-0.2359818478994174,1.3962074450652726,
,,,,,,,,,,,,,1.7812926998951681,,0.06719602055766585,2.021807485600722,
,,,,,,,,,,,,,-2.83749423136029,,-0.21050562632405917,-0.7159357432875516,
,,,,,,,,,,,,,-1.6811699738179118,,-0.09280747794061826,-1.509452463090896,
,,,,,,,,,,,,,-1.00876972860034,,-0.027674014105936718,-1.3887675044800725,
,,,,,,,,,,,,,1.5564028730783872,,0.15822881767631652,-1.5094604949705956,
,,,,,,,,,,,,,-0.5389068200115392,,-0.08386588103562748,-1.7401859017182222,
,,,,,,,,,,,,,1.1841731305872807,,0.12408172387972717,-0.6192716560710829,
,,,,,,,,,,,,,2.1231095221005214,,0.07903803353411289,-1.4894027407469264,
,,,,,,,,,,,,,2.146262027264858,,0.012353051798278336,-1.4471512298102414,
,,,,,,,,,,,,,-0.7374574511244577,,0.027282598873803063,-2.5136701939623003,
,,,,,,,,,,,,,-1.0639640679382971,,-0.10744632537669171,-2.9214596646898623,
,,,,,,,,,,,,,-0.2361311187953973,,0.09419589085648265,2.189594510654176,
,,,,,,,,,,,,,2.6528751872494705,,0.11687265258698394,0.2960666291006294,
,,,,,,,,,,,,,1.3742566290073535,,0.0073051569073891666,1.1286786000416946,
,,,,,,,,,,,,,1.3362829561530851,,0.07900010858536406,-0.732744490926777,
,,,,,,,,,,,,,-0.4136938611703908,,0.0003646047665861319,1.9625591909687952,
,,,,,,,,,,,,,1.4999837541518621,,0.07849887506125017,0.6719634834106492,
,,,,,,,,,,,,,-0.5417434237384008,,-0.05140306869258759,3.1354317323026217,
,,,,,,,,,,,,,0.5354946733207963,,-0.15044452864063146,-4.462670695985423,
,,,,,,,,,,,,,-1.6467469420223704,,0.10563728234586241,-0.02738280027178051,
,,,,,,,,,,,,,1.9305501045204336,,0.07942414585084528,-1.6849666858539825,
,,,,,,,,,,,,,-2.7430068957049674,,-0.09262006380623772,2.4978415555621374,
,,,,,,,,,,,,,0.8505521393341868,,0.09809136169377755,0.5300458308207024,
,,,,,,,,,,,,,2.4098839972377903,,0.09969447893683638,2.187136398749348,
,,,,,,,,,,,,,1.0316035918462643,,-0.05013927100578207,1.264730992721839,
,,,,,,,,,,,,,2.5385274479358895,,0.03419825870109082,-1.0313373755438113,
,,,,,,,,,,,,,0.32449438706453493,,0.030291545430495614,2.4572012545491955,
,,,,,,,,,,,,,2.909698997092409,,0.11911650138241449,-0.7224271103264968,
,,,,,,,,,,,,,1.4284672224964585,,0.06343472097225678,-1.5112699362556807,
,,,,,,,,,,,,,1.9970800657264782,,0.13074351666819184,0.8402332031198111,
,,,,,,,,,,,,,-0.8255573196118079,,0.015275160242959118,0.34073132028644926,
,,,,,,,,,,,,,1.1631300465189842,,0.24119961564839648,-0.8615418938014762,
,,,,,,,,,,,,,0.7124904814646419,,-0.039725324363689606,-1.6785428594412133,
,,,,,,,,,,,,,-1.3488717655192335,,-0.09578932708169446,0.11404121026389899,
,,,,,,,,,,,,,0.5274893098186745,,-0.01912183891848435,0.07468094227489451,
,,,,,,,,,,,,,-1.442457790894151,,-0.14452091318100144,-1.0126333235543932,
,,,,,,,,,,,,,-0.3710872751280907,,-0.014679792331036758,-0.09814516219719159,
,,,,,,,,,,,,,-0.9822099301540678,,-0.05758445895011827,-0.6865948088460336,
,,,,,,,,,,,,,0.3798190398409488,,0.21177044720745442,-2.097244342729841,
,,,,,,,,,,,,,-1.0448069737481216,,0.04993787362333323,-1.2739194825406521,
,,,,,,,,,,,,,2.811199180643816,,0.2012725752683965,0.05892996874681416,
,,,,,,,,,,,,,1.6899801282418196,,0.2000452540985563,1.0716214553381787,
,,,,,,,,,,,,,0.618187354065071,,-0.10268106994418345,-0.45321708637184294,
,,,,,,,,,,,,,0.7030398325742784,,0.09520171318953004,-2.428796820846737,
,,,,,,,,,,,,,3.3467641152632295,,0.07913756830587089,-1.8113302184140998,
,,,,,,,,,,,,,-0.17724219679629435,,0.06143718315560041,-1.8139897404690408,
,,,,,,,,,,,,,-2.725877192225017,,-0.07609075784871541,-0.44104376559624714,
,,,,,,,,,,,,,0.14933951569312037,,-0.03539260113908765,-1.2860154130515717,
,,,,,,,,,,,,,2.2294554685205843,,0.03023095824605142,0.5997205719985963,
,,,,,,,,,,,,,1.190554550047658,,0.008149927847438794,-3.3557069791598444,
,,,,,,,,,,,,,0.3970182547942228,,0.11035541879536812,1.1773764466736516,
,,,,,,,,,,,,,1.2751562958572944,,0.10683114108636887,-1.4602154523225819,
,,,,,,,,,,,,,-2.8777995561857086,,-0.2521907055173186,-0.04556222656017517,
,,,,,,,,,,,,,0.520239983034201,,-0.08573270006497019,0.5156842611627845,
,,,,,,,,,,,,,0.8728525218650646,,0.018498019998417214,-2.9789092554062964,
,,,,,,,,,,,,,-0.12107504175202143,,-0.01757491274073415,0.4573371222439606,
,,,,,,,,,,,,,-1.4598250952559886,,0.06972631483852519,-0.22772749150100333,
,,,,,,,,,,,,,1.0579180175931595,,-0.11874262106251779,-1.4059250763516018,
,,,,,,,,,,,,,2.4066572486280986,,0.07098188951813265,-0.4320058957805918,
,,,,,,,,,,,,,-0.8762351198644356,,-0.03021566599451718,-1.6550764860802067,
,,,,,,,,,,,,,-2.147764305266837,,-0.10793600517182178,0.026868102632981745,
,,,,,,,,,,,,,1.1541984005058188,,0.13613384232928116,-2.243711088342863,
,,,,,,,,,,,,,-0.582550164041736,,-0.047779494742026384,0.048573136340730794,
,,,,,,,,,,,,,0.0471661344494704,,0.021901093857432302,-1.337983383684294,
,,,,,,,,,,,,,-3.7436448953442314,,-0.22901363021799775,-0.9963698513179424,
,,,,,,,,,,,,,-0.39193956803083707,,0.0871368378274463,-1.3720817968918024,
,,,,,,,,,,,,,-1.3352812543071804,,-0.017824580344839882,0.8724702271523257,
,,,,,,,,,,,,,0.8642580959713945,,-0.0211436901700201,0.5754576204745409,
,,,,,,,,,,,,,1.4618869605429652,,0.044204799578976856,2.047712127410576,
,,,,,,,,,,,,,1.2352400838463329,,0.03150999690945131,0.25861321350309363,
,,,,,,,,,,,,,3.4106676629103294,,0.08219629756317544,-0.4205257576614551,
,,,,,,,,,,,,,-0.777980827735462,,-0.07894187020150613,0.2892458187539966,
,,,,,,,,,,,,,-2.3208145463622145,,-0.10801484556030579,-1.825287700084997,
,,,,,,,,,,,,,1.6791322257817667,,0.037357059368413145,-0.5632383177670935,
,,,,,,,,,,,,,-1.9059948874218295,,-0.026948172755080296,0.3205681661038722,
,,,,,,,,,,,,,0.11320892899401408,,0.09695537556731743,0.2685621288970229,
,,,,,,,,,,,,,-1.7856952248733027,,-0.09787032898777506,-1.25122402210591,
,,,,,,,,,,,,,1.4850244146961284,,0.07796793275466721,-0.7033617863699095,
,,,,,,,,,,,,,0.4206254725206109,,0.04910213292428317,-4.155023991104451,
,,,,,,,,,,,,,1.5375901101100051,,-0.1834554036975701,-0.6968546092648318,
,,,,,,,,,,,,,0.4428033427182055,,0.050802888603572696,-1.2829688856478212,
,,,,,,,,,,,,,0.6599024019338149,,0.08018103549513045,0.07405655939213059,
,,,,,,,,,,,,,0.4094660236160609,,0.04191495517841309,-0.5241099754784722,
,,,,,,,,,,,,,2.807058306822854,,-0.010059273318685497,-0.35040679682440146,
,,,,,,,,,,,,,-1.7687286767906167,,-0.19028523841711792,-0.5915951639358611,
,,,,,,,,,,,,,-1.8595038673476647,,-0.18012731823811537,2.422645563895769,
,,,,,,,,,,,,,1.136013475275879,,0.03573766389536157,1.7643331676165261,
,,,,,,,,,,,,,0.49965413331695735,,-0.014443868478297196,-1.9602728806680385,
,,,,,,,,,,,,,0.6904722346840704,,0.14295905372975848,-0.3344709790486478,
,,,,,,,,,,,,,1.1642470936998732,,-0.10501854336015518,1.1475545062466423,
,,,,,,,,,,,,,0.6066470507506512,,-0.10988318420211304,0.10820978489882024,
,,,,,,,,,,,,,2.343013132148982,,-0.18666335246466806,0.0725992919121366,
,,,,,,,,,,,,,0.636009209808267,,-0.00099432655227263,1.530027435308231,
,,,,,,,,,,,,,0.9782476239174269,,-0.03824935451523918,0.5967907350448923,
,,,,,,,,,,,,,-0.4919410259738502,,0.060048203523346895,2.826505256385103,
,,,,,,,,,,,,,2.5486335810014284,,0.13927250217555404,0.34431450591569146,
,,,,,,,,,,,,,-1.5897284500679532,,-0.09800022233372933,-1.515889631889493,
,,,,,,,,,,,,,0.0679768256648475,,0.017720031502545645,1.965530302128987,
,,,,,,,,,,,,,-0.7636322548467931,,0.07413163014800264,1.3632091732007505,
,,,,,,,,,,,,,2.8253720988491344,,0.24998227520512828,-0.22206900157515938,
,,,,,,,,,,,,,0.34627273520573315,,-0.09834507625973486,-0.03829206832129471,
,,,,,,,,,,,,,2.0223431888018095,,0.06326297703314168,0.07191819886970884,
,,,,,,,,,,,,,2.894947798480527,,0.2650598514118936,-1.053480588608807,
,,,,,,,,,,,,,-2.1159552304830282,,-0.11733113782486329,0.9407835326923407,
,,,,,,,,,,,,,0.9253444351087532,,0.10069285170976433,0.6983599321539211,
,,,,,,,,,,,,,3.282335643877089,,0.154834008567779,1.3622004327420747,
,,,,,,,,,,,,,0.5681481233266339,,0.006285731219625189,-1.663987010487088,
,,,,,,,,,,,,,0.6964595127806493,,0.03727837250758483,-0.9277267839891403,
,,,,,,,,,,,,,1.7893752544357728,,0.17175722582968717,0.42293821684620125,
,,,,,,,,,,,,,-0.7202435034289347,,-0.08180409745711156,-1.3550460643949547,
,,,,,,,,,,,,,0.47087839468720294,,0.044531253369784064,-0.9950042489574721,
,,,,,,,,,,,,,1.6802674303284733,,0.254085479535341,-1.450762152467482,
,,,,,,,,,,,,,0.33075813218762334,,0.030168061951129758,-1.4719717309190976,
,,,,,,,,,,,,,0.6045206379289815,,-0.06557472476982625,0.8118698348867985,
,,,,,,,,,,,,,2.7853959099353416,,0.12152833254859068,-1.8708376319675946,
,,,,,,,,,,,,,0.8570165945008624,,0.017954400104142707,-3.049832247322794,
,,,,,,,,,,,,,-1.2818538023816173,,-0.07343567550765673,1.1537590755071927,
,,,,,,,,,,,,,3.2067512355533174,,0.1458658152349789,0.5293965249219258,
,,,,,,,,,,,,,0.38119199475132914,,0.15861278950047175,-1.0603498811466894,
,,,,,,,,,,,,,-0.5929861662705229,,-0.07674291505485838,-0.2523078817488007,
,,,,,,,,,,,,,0.8925824064396309,,-0.007141203957290206,0.31807058969916496,
,,,,,,,,,,,,,-1.033394062985605,,-0.17578071929323805,-2.815509518538337,
,,,,,,,,,,,,,1.3796532429726176,,0.15993071790764074,1.2554429783641015,
,,,,,,,,,,,,,-0.5992359996844685,,0.10324054907559783,1.0077520398148452,
,,,,,,,,,,,,,0.2294241868538422,,0.036746995591320296,0.012828131889828969,
,,,,,,,,,,,,,-0.4368447500703182,,0.017737310386307905,0.37250600614240037,
,,,,,,,,,,,,,0.782987568083489,,-0.15281657184291186,1.369622301099711,
,,,,,,,,,,,,,1.4481649378360781,,0.013064280578159752,-1.3848391292126083,
,,,,,,,,,,,,,1.7418750826639486,,-0.06294794962866762,-0.016825685337440926,
,,,,,,,,,,,,,1.6428912795584858,,0.18434989169457344,0.5793814150851916,
,,,,,,,,,,,,,2.493522961609088,,0.18044247357614365,0.3512247599386258,
,,,,,,,,,,,,,-1.5851256091890866,,-0.10326342094188472,0.9255254150421246,
,,,,,,,,,,,,,0.5236022059613055,,-0.055336926257031585,-2.637708247408428,
,,,,,,,,,,,,,1.7376309175521938,,0.2329886911708021,0.09399399735989789,
,,,,,,,,,,,,,1.6254885613713477,,0.13175381761308955,3.4981553881622243,
,,,,,,,,,,,,,0.5683502698710372,,0.09266477455370528,0.8500508775978854,
,,,,,,,,,,,,,-0.7787133803451763,,0.05878687694327489,-0.4679610608672585,
,,,,,,,,,,,,,0.04339268098731723,,0.10191292508116552,4.162361336317566,
,,,,,,,,,,,,,3.2241403763418197,,0.21267689071474688,-1.7696514671443861,
,,,,,,,,,,,,,1.3640759865579184,,0.026387673031970246,0.15626268036174282,
,,,,,,,,,,,,,-0.5785380849569483,,-0.044430576121517795,-0.7244266862617719,
,,,,,,,,,,,,,1.4823719437252334,,0.1573300294885114,0.9866047444114608,
,,,,,,,,,,,,,1.0010816553657216,,-0.11634355375409693,-0.20941119124782212,
,,,,,,,,,,,,,-0.8792187927588683,,-0.0010989866191901468,0.996523667613771,
,,,,,,,,,,,,,3.4360266941619675,,0.1781923419295958,-1.7831992752432497,
,,,,,,,,,,,,,-0.8565440652968959,,0.11476579795069602,-0.22713650522803788,
,,,,,,,,,,,,,-0.7927218732715499,,-0.14536677060360947,2.220599559915411,
,,,,,,,,,,,,,-3.460812338694956,,-0.31758939841016554,1.7058068628743237,
,,,,,,,,,,,,,-2.1630873744100363,,-0.17525528655283004,2.320021762087885,
,,,,,,,,,,,,,0.8871071081703232,,-0.1938510720222992,-2.0026730846215637,
,,,,,,,,,,,,,0.4523238199979596,,-0.03161799095209747,3.5025180687632114,
,,,,,,,,,,,,,1.1046614692358179,,0.07122307973534527,-0.5321014808736481,
,,,,,,,,,,,,,2.673234351487596,,0.05637684529305417,2.412792806122132,
,,,,,,,,,,,,,-1.2383391966219692,,-0.09456829883683399,1.258910819823775,
,,,,,,,,,,,,,0.6654067683359907,,0.07973811191684908,1.1996949652083957,
,,,,,,,,,,,,,-1.8306852769243813,,-0.07454299372067624,0.6560080454129422,
,,,,,,,,,,,,,0.73265709100223,,0.1254028474076268,-2.4190968316993713,
,,,,,,,,,,,,,0.9346319288549463,,0.07333683319289531,0.8553687687386522,
,,,,,,,,,,,,,-0.7354094434283641,,-0.04003581439636877,1.1749297685294577,
,,,,,,,,,,,,,1.13873649390875,,-0.003998682419392989,0.07926687360720841,
,,,,,,,,,,,,,2.972724054608985,,0.47578086509939815,-1.1628813587461835,
,,,,,,,,,,,,,3.4007340318948573,,0.2604215343120735,-2.785910194557777,
,,,,,,,,,,,,,2.307644084767598,,0.25514426788227706,-0.345265976003097,
,,,,,,,,,,,,,0.9172864014004181,,0.1229503812470021,-2.1157726622197846,
,,,,,,,,,,,,,1.631209420378157,,-0.10320396660692666,-0.46900712903455316,
,,,,,,,,,,,,,0.3857582613315923,,0.06603459898998265,0.7051676438548707,
,,,,,,,,,,,,,-0.9967237234693767,,-0.01074525785363844,3.5849095125892023,
,,,,,,,,,,,,,2.3908360974572647,,0.028568447706264984,-2.3653232607976484,
,,,,,,,,,,,,,-2.048867102614101,,-0.00454493438669055,-0.23777372082496329,
,,,,,,,,,,,,,-2.1508549345659254,,-0.09197145094428949,-1.783651652293668,
,,,,,,,,,,,,,3.1520096563166597,,0.2356202229950805,0.4961984076687816,
,,,,,,,,,,,,,3.501844623195537,,0.16304467175283544,0.01678601300562851,
,,,,,,,,,,,,,0.713610708873071,,-0.030692588311683595,2.2887872635570177,
,,,,,,,,,,,,,-1.1205166991418076,,-0.0001119981059153616,2.206021427283085,
,,,,,,,,,,,,,1.6595180394038713,,0.025816050818493644,1.3144267075328673,
,,,,,,,,,,,,,1.4911297060988666,,0.1014198133582825,-3.4639819510831162,
,,,,,,,,,,,,,1.0637079659274349,,0.10923873333010621,0.4334644988918486,
,,,,,,,,,,,,,0.19650733473799106,,-0.02483525139278171,0.26445154280274635,
,,,,,,,,,,,,,-2.9324955087429125,,-0.10938951795869734,1.4068158705863398,
,,,,,,,,,,,,,1.6855999079079422,,0.054404954536679886,-0.4766293938496054,
,,,,,,,,,,,,,-1.1467848128117364,,-0.01590685131487976,0.5269578298209185,
,,,,,,,,,,,,,0.7151763217660579,,-0.06808664510612132,1.9487381335343437,
,,,,,,,,,,,,,2.0459711648017587,,0.05328741692180004,-0.7848113931998992,
,,,,,,,,,,,,,2.684970507940623,,0.19453380833273526,0.4529879313572511,
,,,,,,,,,,,,,-0.24071469112127905,,-0.1404078023647726,-2.0893188420568727,
,,,,,,,,,,,,,0.6925072762808172,,0.015759191827089403,-0.2987121236997747,
,,,,,,,,,,,,,-0.7067604708918694,,0.028937118630672654,-1.031240542559901,
,,,,,,,,,,,,,1.229674041956011,,-0.07952454608666314,0.8383907617156824,
,,,,,,,,,,,,,1.2617868394487175,,-0.03139027967326512,-0.9771596918574592,
,,,,,,,,,,,,,3.2144529837029805,,0.22356362462973045,-0.25342963132457796,
,,,,,,,,,,,,,-0.7158142179623971,,-0.01080860252861169,0.25093751345167065,
,,,,,,,,,,,,,1.2186029732247619,,-0.0080344789136664,1.066426154108341,
,,,,,,,,,,,,,1.278498882339193,,0.10316672781684148,-1.8370741710856386,
,,,,,,,,,,,,,1.9044885830425913,,0.14982675165016887,1.3367708324567125,
,,,,,,,,,,,,,2.6062722722182534,,0.1509362993218123,1.7834890609653924,
,,,,,,,,,,,,,-1.7790458217793899,,-0.24159312520823734,0.7683763541815609,
,,,,,,,,,,,,,3.395374668314387,,0.19776691049690823,0.7416683062159622,
,,,,,,,,,,,,,-0.6203485920306769,,-0.016000216073873055,-0.13076953541503852,
,,,,,,,,,,,,,-2.741853198044107,,-0.18608711656821145,2.2074295927528156,
,,,,,,,,,,,,,0.699815621185111,,0.016408588175725235,2.0418183909516445,
,,,,,,,,,,,,,0.8009614079866102,,0.045455097341406646,1.427511399453378,
,,,,,,,,,,,,,-2.946393382933676,,-0.07642249622845802,-0.6271439928981756,
,,,,,,,,,,,,,1.3495595811123613,,-0.024665181983211226,-2.335342887716845,
,,,,,,,,,,,,,0.9751596801245619,,0.08627795306315904,0.7564154940503744,
,,,,,,,,,,,,,0.23271572512129687,,0.103666364077063,-1.7717607508949142,
,,,,,,,,,,,,,0.37434535289706083,,0.08584864976322847,-2.0242862776287542,
,,,,,,,,,,,,,-1.6679571655878078,,-0.06446004352523418,-0.35076421876070607,
,,,,,,,,,,,,,0.6858257449605174,,-0.010737386563677011,0.6141626804165947,
,,,,,,,,,,,,,3.386392131990421,,0.1130922128444992,1.1746389563257371,
,,,,,,,,,,,,,0.2697756575711088,,0.008020987722720805,0.21997996937318323,
,,,,,,,,,,,,,2.1238973549378777,,0.18808696198846306,1.8018400247108097,
,,,,,,,,,,,,,0.20507152150728614,,0.025864710045997205,-0.8376441201018124,
,,,,,,,,,,,,,-1.4887806385179843,,0.03821911718291976,0.46606336890055444,
,,,,,,,,,,,,,-1.719790692615284,,-0.09559563562679566,1.3624126417869964,
,,,,,,,,,,,,,-2.315277109422509,,0.07481863139492713,-0.44243482694851954,
,,,,,,,,,,,,,-1.4011098511966549,,-0.028084062733717663,-3.0945436843821827,
,,,,,,,,,,,,,0.8186865438827248,,0.0011138995697314853,-1.8274295715336384,
,,,,,,,,,,,,,-2.2096680616992765,,-0.0718341685410776,2.5597280103827678,
,,,,,,,,,,,,,-1.7106283413718353,,-0.030094056104908826,-2.6151029701179556,
,,,,,,,,,,,,,-0.4853983037596216,,-0.012656245405021142,-2.4939225562658383,
,,,,,,,,,,,,,1.189041317499759,,0.06607103007593479,0.32755131623989625,
,,,,,,,,,,,,,0.7927503926324515,,0.011586579887239623,-0.17583310060175864,
,,,,,,,,,,,,,-1.3322844626835837,,-0.041129955580332854,1.1714337391094318,
,,,,,,,,,,,,,-0.8884319397397079,,-0.02527892538620273,-1.8696300119712068,
,,,,,,,,,,,,,-4.1933643046126585,,-0.3447596340990669,-1.5619531462403244,
,,,,,,,,,,,,,0.9750131417218251,,0.05381100854091041,0.8104157035181132,
,,,,,,,,,,,,,-0.8644859086299345,,-0.0005863731975478849,-0.10614178076393095,
,,,,,,,,,,,,,1.7161261561974122,,0.032816686635706256,-0.7792265673141445,
,,,,,,,,,,,,,-0.7227800772565705,,-0.11472598578287543,1.9529389329094782,
,,,,,,,,,,,,,1.7139440889115338,,0.037143208857790724,-0.5935525840742772,
,,,,,,,,,,,,,2.7699093992254746,,0.24885030151226192,-1.2167060926664228,
,,,,,,,,,,,,,1.7371115821395442,,0.065223796594255,-0.71682815255326,
,,,,,,,,,,,,,0.6207548089266733,,-0.051308380141546824,-1.0982364787532994,
,,,,,,,,,,,,,0.47458338075814266,,-0.008144364554391662,-1.3436242973994603,
,,,,,,,,,,,,,-2.5833923210299927,,-0.21939733512226547,0.2028110741404228,
,,,,,,,,,,,,,1.8752586982228583,,0.1436296130307201,-0.030638020096921056,
,,,,,,,,,,,,,-0.837022565107947,,-0.03544128558040548,0.0636696087823799,
,,,,,,,,,,,,,2.9272262710935917,,0.1705800205015135,-0.008048235514178081,
,,,,,,,,,,,,,1.2794924736602247,,0.13990339476729877,-0.19165059497757542,
,,,,,,,,,,,,,0.4804848976538352,,-0.006942528224579637,1.944140912816277,
,,,,,,,,,,,,,-2.2363621213917715,,-0.19476536488500087,1.9858976363038798,
,,,,,,,,,,,,,-0.5969967743569412,,0.010032606249290477,1.5839696255275415,
,,,,,,,,,,,,,1.4761797615595358,,0.18066068950553232,-1.2993981985111187,
,,,,,,,,,,,,,0.7256942494761843,,-0.03727276912066454,1.6199051249146061,
,,,,,,,,,,,,,2.702185491756414,,0.2314707965437232,1.4134851542061004,
,,,,,,,,,,,,,-1.7334694092557088,,-0.15007678457839752,0.09513862100664461,
,,,,,,,,,,,,,0.9179268041687678,,0.10764925279720416,-0.07715129915200233,
,,,,,,,,,,,,,-0.232953127394336,,-0.0768276916411998,0.3630307860814905,
,,,,,,,,,,,,,0.7691395139778708,,0.17153457006604314,0.679489142586811,
,,,,,,,,,,,,,1.8650781238767633,,0.0913934715515169,2.029840439842589,
,,,,,,,,,,,,,-3.4272812355502245,,-0.198855459718379,2.205420705978028,
,,,,,,,,,,,,,-1.842634185620315,,0.04551436154143079,-1.2008457645041006,
,,,,,,,,,,,,,2.488420035275854,,0.058722648131456744,0.3515845728440026,
,,,,,,,,,,,,,3.1314189372959724,,0.2580449413035027,-1.608425368934723,
,,,,,,,,,,,,,1.380671595672854,,0.13176311070828367,1.5365232777102424,
,,,,,,,,,,,,,0.5899641850707671,,0.06660374399221536,1.4879969184336546,
,,,,,,,,,,,,,1.7730112165037226,,0.213307018384125,-0.8801198334846059,
,,,,,,,,,,,,,-2.199521269123221,,-0.20108032000068926,0.5230175891674369,
,,,,,,,,,,,,,3.2476195075761765,,0.2661780679594164,-0.30375377454690905,
,,,,,,,,,,,,,-0.7169338599244045,,-0.05867319996381203,1.5126537919661307,
,,,,,,,,,,,,,1.1970825541493963,,0.2161538712045954,0.3154484986867386,
,,,,,,,,,,,,,1.1776913160524496,,0.03951830993195755,0.12449975881731906,
,,,,,,,,,,,,,1.0297151363839028,,0.03691050107436825,-2.3000175644481127,
,,,,,,,,,,,,,-1.780343733032611,,0.06287865753352952,-1.943093575692634,
,,,,,,,,,,,,,-2.2389635765462326,,-0.10220480323938101,0.4228504025563038,
,,,,,,,,,,,,,2.3938293611238644,,0.06317122307900135,0.6811729760994376,
,,,,,,,,,,,,,-2.04141994438027,,-0.1732143095081473,0.8031119420346359,
,,,,,,,,,,,,,2.6131543043309438,,0.2478086748097838,0.3179788056027119,
,,,,,,,,,,,,,3.1933651724968604,,0.08501438782730528,-1.5675290064497076,
,,,,,,,,,,,,,1.31500467764374,,0.0912005547905514,0.8234522219784317,
,,,,,,,,,,,,,1.3176283579959058,,0.1416025331769217,2.061697312121343,
,,,,,,,,,,,,,1.6471394028579434,,-0.06928061769144415,1.070567262132095,
,,,,,,,,,,,,,-1.0575242357891872,,-0.08989353563464367,-1.0888273423088586,
,,,,,,,,,,,,,-2.5868466255601072,,-0.14337108250536526,-0.7695589009715472,
,,,,,,,,,,,,,2.3263471906175193,,0.24505572232021436,-0.5305500804192527,
,,,,,,,,,,,,,0.2734454257121964,,0.09617235686030588,-1.6684238026162226,
,,,,,,,,,,,,,2.1979384280559318,,0.03019212035149851,-0.33401226750957863,
,,,,,,,,,,,,,2.425702792861376,,-0.033679586697801314,-0.17411231394106824,
,,,,,,,,,,,,,1.0993158159214633,,0.10512088958908909,-1.5244682892434134,
,,,,,,,,,,,,,1.3105297094723167,,0.0924290884413711,0.7145297637561433,
,,,,,,,,,,,,,3.2277285325644196,,0.15152430817348317,-0.20417661261219922,
,,,,,,,,,,,,,-0.7316284938203406,,-0.04119796411383595,2.865866796653849,
,,,,,,,,,,,,,1.6155633716481295,,-0.10410963940880935,0.1297149928241613,
,,,,,,,,,,,,,1.5709090770929854,,0.014355186849533744,-2.5169447856842626,
,,,,,,,,,,,,,1.9616931639674398,,0.1917686904371346,-1.2724809929722591,
,,,,,,,,,,,,,-0.1597854310114837,,0.035817297506921,0.5747166164990797,
,,,,,,,,,,,,,1.6084052874490815,,-0.044840805821093385,-0.7903998595759535,
,,,,,,,,,,,,,1.5220456901296817,,-0.05333192531225607,-0.7568336066043738,
,,,,,,,,,,,,,1.265562410965575,,0.08520302704985773,-1.836750801996642,
,,,,,,,,,,,,,1.0604410152215442,,-0.008773207477776282,0.4121845790654545,
,,,,,,,,,,,,,-2.07936674750155,,-0.00023742381435324665,-1.6670352709664866,
,,,,,,,,,,,,,2.303244720713777,,-0.0458866838695304,-0.7872500625392723,
,,,,,,,,,,,,,2.9930624458058808,,0.22749494878125728,-2.183757194661792,
,,,,,,,,,,,,,-1.4230291224856284,,-0.019466808124366367,-1.376801320557683,
,,,,,,,,,,,,,-1.40118087629317,,-0.07411726231755342,0.00554453143043621,
,,,,,,,,,,,,,2.6281919708722503,,0.27223353473400175,0.785107749770103,
,,,,,,,,,,,,,2.308321486185661,,0.18737446345722267,1.185538865917575,
,,,,,,,,,,,,,1.5945941530054868,,0.023497575099279765,-0.592328278852446,
,,,,,,,,,,,,,-0.47596170804053417,,-0.050418425694296096,-2.6987569781866245,
,,,,,,,,,,,,,-0.4358398867272425,,-0.03713453998639924,0.2314354083806164,
,,,,,,,,,,,,,1.2316764699114533,,-0.16841045120906992,-1.1865985909184866,
,,,,,,,,,,,,,-0.7983313152938731,,-0.04858214519566888,-2.286039946281118,
,,,,,,,,,,,,,0.6614596021121819,,0.14574380049432067,-0.4572074637475552,
,,,,,,,,,,,,,0.732867633486661,,-0.011296359910613476,0.7753381655661062,
,,,,,,,,,,,,,0.759388919178556,,0.00027412525659518445,-1.4203815411480143,
,,,,,,,,,,,,,-2.5911925501106445,,-0.1325609151640024,-0.881445235139718,
,,,,,,,,,,,,,2.231265570481047,,0.07213395175125137,-0.23746276962666463,
,,,,,,,,,,,,,1.434932908842318,,0.05925025663753169,-2.2457475000156126,
,,,,,,,,,,,,,2.8473165247960663,,0.05646182049401413,0.16905761493854232,
,,,,,,,,,,,,,1.6692433559549238,,0.18504953087552034,0.019078305809111937,
,,,,,,,,,,,,,0.5341480800723357,,0.0284097842140238,-0.054744657871745254,
,,,,,,,,,,,,,1.2296929462235322,,0.08325013452487641,-1.9675241951226088,
,,,,,,,,,,,,,-0.8801601562220313,,-0.0051192017033756775,-1.1757729871608171,
,,,,,,,,,,,,,1.7883856107198757,,0.1262822886355985,-1.5451189487418986,
,,,,,,,,,,,,,-0.7667548597307186,,-0.011196941452480697,-0.9548153971497007,
,,,,,,,,,,,,,0.22341683207716412,,0.025230466630274735,-0.06597458965465823,
,,,,,,,,,,,,,-0.414832098193352,,-0.060383788594867066,-1.663218116758514,
,,,,,,,,,,,,,1.2624112805556973,,0.04736734571713778,-1.8646065046795761,
,,,,,,,,,,,,,1.9527772866107544,,0.06868343188147011,2.3948500827061827,
,,,,,,,,,,,,,-0.5266456505469461,,0.015385191040428828,0.6463733274126725,
,,,,,,,,,,,,,1.6555287871368125,,0.0994720482460567,-3.2092676616757783,
,,,,,,,,,,,,,4.470640049269658,,0.14897668568534617,1.9976966587896496,
,,,,,,,,,,,,,2.865706559068975,,0.04060126516559252,-3.369478406233992,
,,,,,,,,,,,,,-1.2328513247298647,,-0.14357307167595187,0.6218975035204063,
,,,,,,,,,,,,,1.8066307458407196,,0.05538832197100477,-3.143873886588807,
,,,,,,,,,,,,,-2.959157012820818,,-0.21063814029028716,0.9423958397170888,
,,,,,,,,,,,,,-1.6727437640779472,,-0.10504778360174166,-0.3659572673711392,
,,,,,,,,,,,,,-0.5413670498986234,,0.006017175614446678,1.531388646405985,
,,,,,,,,,,,,,2.0501856330439434,,0.15811595107567253,-2.0006308791349405,
,,,,,,,,,,,,,1.1473863296987714,,-0.05704769399757139,-1.3275656948197208,
,,,,,,,,,,,,,2.19782885873025,,0.10414551929844068,1.7250067968188518,
,,,,,,,,,,,,,-2.5817608972657426,,-0.13335073109225787,-2.0433855777497376,
,,,,,,,,,,,,,-1.7146691087354373,,-0.03982914761777859,-0.42963414771734465,
,,,,,,,,,,,,,-0.46580507260931375,,-0.012980562038502291,0.41964421681073316,
,,,,,,,,,,,,,1.4947752123574467,,-0.14265216068166872,0.07672997691858469,
,,,,,,,,,,,,,-0.7485665890958595,,0.07422495362283546,-3.0567613720816715,
,,,,,,,,,,,,,0.7633561814737001,,0.03111326707552186,0.29839024219702076,
,,,,,,,,,,,,,0.8691623362120872,,0.07350106568240791,-1.930608738532072,
,,,,,,,,,,,,,-0.9715236876665883,,-0.1096136446525604,0.5039853757020936,
,,,,,,,,,,,,,-2.9214688387906826,,-0.15722212999845395,-2.1243915442832817,
,,,,,,,,,,,,,0.5394134852143977,,0.07370362466936078,-1.6356227893732884,
,,,,,,,,,,,,,-0.8243855162216541,,-0.015174388465915413,-2.625646637021034,
,,,,,,,,,,,,,1.7341785697277095,,-0.10610216808390764,-1.0864520073380297,
,,,,,,,,,,,,,2.245223671352183,,0.15538586503712765,-1.2347535519107717,
,,,,,,,,,,,,,0.6611418888145375,,0.11561762907033654,2.145628496008099,
,,,,,,,,,,,,,0.3418514769522543,,-0.18234654814032142,2.300752769496239,
,,,,,,,,,,,,,1.1719414167172395,,-0.15884688379817963,0.5003907703425738,
,,,,,,,,,,,,,3.914082831434603,,0.26967502126699294,0.8921163068383319,
,,,,,,,,,,,,,-1.58917099398202,,-0.09899115883589912,-2.1261075722130474,
,,,,,,,,,,,,,0.9361437247941887,,-0.026949966044290685,-1.366012762169161,
,,,,,,,,,,,,,3.0149928682332607,,-0.05711825603054554,-1.9804631936542587,
,,,,,,,,,,,,,0.4069061888238316,,0.021934801471946257,1.027340479956052,
,,,,,,,,,,,,,-1.3671601530221227,,-0.08478506753411882,0.9103587568227927,
,,,,,,,,,,,,,-1.344860341499506,,-0.13630758863953885,-0.05269478618200936,
,,,,,,,,,,,,,2.1131040550649556,,0.14996126048672714,-0.9125637665466789,
,,,,,,,,,,,,,-0.6405167972206915,,-0.07592498654371838,-0.6551089789512995,
,,,,,,,,,,,,,0.430063690280542,,0.07502985613826217,-0.1634070434828831,
,,,,,,,,,,,,,0.8769716524577498,,-0.08321810817776659,0.39886710955318505,
,,,,,,,,,,,,,0.7712920978359895,,-0.1898258780873028,3.145248950528575,
,,,,,,,,,,,,,3.3970371021534427,,0.12835591649160463,-0.8379541244488341,
,,,,,,,,,,,,,0.6193395451609596,,-0.008294936609490251,1.5371198249194884,
,,,,,,,,,,,,,1.5051243344197243,,0.14244961167007467,1.2159952507887999,
,,,,,,,,,,,,,1.7806332904430675,,0.058459893840922456,-1.2813022950824688,
,,,,,,,,,,,,,-1.5891298009020807,,-0.10840551293655881,1.9336126084863496,
,,,,,,,,,,,,,2.0429413721693988,,0.11613235265692463,1.287653705838142,
,,,,,,,,,,,,,0.49116440297217656,,-0.011841484397067911,0.7531303814408342,
,,,,,,,,,,,,,1.6367346369735631,,0.09072946356314417,-0.9483441967353068,
,,,,,,,,,,,,,-2.3398934819385033,,-0.09497379983870821,1.120622758714372,
,,,,,,,,,,,,,1.7058826244542382,,0.2624023978371256,0.7996277490113778,
,,,,,,,,,,,,,1.5600643697242693,,0.03979989060651527,1.9385872591964777,
,,,,,,,,,,,,,2.0911462267122434,,-0.18999875605904232,3.4511442985142042,
,,,,,,,,,,,,,0.2494172762276686,,-0.006013172357836466,0.21355944307028435,
,,,,,,,,,,,,,0.7422244305513191,,-0.0002946863030655015,-0.5919362372801096,
,,,,,,,,,,,,,-0.35801992456206816,,0.0469251987154736,-3.4480608417962033,
,,,,,,,,,,,,,-0.9439350127738241,,-0.09828474629490781,-2.374099985844881,
,,,,,,,,,,,,,2.6238888913489236,,0.06611880162263971,-2.1395715909559647,
,,,,,,,,,,,,,-0.9465576904305547,,0.02086000638995649,0.7382540507904598,
,,,,,,,,,,,,,0.4141669458019452,,0.09677553816907457,1.927174385333856,
,,,,,,,,,,,,,-3.518532537033486,,-0.25346097421907804,1.1296136511249957,
,,,,,,,,,,,,,-2.678897940646803,,-0.3275549518341921,0.37831956804024947,
,,,,,,,,,,,,,0.5653909861305474,,0.0664383082290511,0.7517330631722123,
,,,,,,,,,,,,,-1.6935451233368655,,0.03859085186059082,-0.7553054808020964,
,,,,,,,,,,,,,1.076470542490938,,-0.08898576158859316,-1.1733590848040647,
,,,,,,,,,,,,,1.0510713724849068,,0.04842716396811889,-0.3213888148079785,
,,,,,,,,,,,,,2.813352126689268,,0.275218697599195,1.5169356959569344,
,,,,,,,,,,,,,1.5460741394666837,,0.19741495058990086,-0.37719965525661375,
,,,,,,,,,,,,,-0.36399568773224444,,-0.028824716721464548,1.2059738289756563,
,,,,,,,,,,,,,-1.7023330916873491,,0.029564320560031686,3.0401728786896203,
,,,,,,,,,,,,,2.7558344068787415,,0.13476023713978288,0.7443033672446816,
,,,,,,,,,,,,,3.008688955172008,,0.2357184761090723,0.6879468633660051,
,,,,,,,,,,,,,0.7093061706074963,,-0.04253907261292269,0.5473710693101504,
,,,,,,,,,,,,,0.3713685542672985,,-0.027683449307540412,0.16199709913281765,
,,,,,,,,,,,,,2.0828398703640767,,0.08117221760872015,-0.9926321941219879,
,,,,,,,,,,,,,0.8944018916948513,,-0.0368684941862418,2.4696749040587624,
,,,,,,,,,,,,,2.924522779616428,,0.21915934365167633,-0.4794679620888048,
,,,,,,,,,,,,,-2.480461240842893,,-0.16454204517454094,-2.1164258010446386,
,,,,,,,,,,,,,2.6628828888034834,,0.11519748251210156,-1.16828044826095,
,,,,,,,,,,,,,1.1637723655579806,,0.15643542800382296,1.9569774607910473,
,,,,,,,,,,,,,1.3583184727861781,,0.07432253606327931,0.24658095510301564,
,,,,,,,,,,,,,1.203548930510836,,0.10231561514251682,-0.38703927815681877,
,,,,,,,,,,,,,0.4995226179699213,,0.03688928044740523,-2.9755675334416267,
,,,,,,,,,,,,,-2.86800801923436,,-0.14902156991069712,-2.0565361454733684,
,,,,,,,,,,,,,0.34991675135454997,,-0.18187836634375276,-3.518662581620362,
,,,,,,,,,,,,,-1.860279056249433,,-0.11914927240392746,-0.9280756431275914,
,,,,,,,,,,,,,-1.691214047180351,,0.019794539602255284,-0.3377063457441925,
,,,,,,,,,,,,,-0.08347561745272132,,0.04734519443653916,2.027172671972513,
,,,,,,,,,,,,,1.8367735011033404,,0.172983179555455,-1.4041428709181791,
,,,,,,,,,,,,,-3.250535651660546,,-0.22062852400147295,1.3017694175106749,
,,,,,,,,,,,,,1.74038025555871,,0.10476281414412238,-5.173187520467509,
,,,,,,,,,,,,,-1.1083439739069376,,-0.06789821748983309,1.1790446990004078,
,,,,,,,,,,,,,1.34146287003729,,0.09904874149985902,1.1633698432536708,
,,,,,,,,,,,,,0.9903048850592295,,0.045073112892595,-1.084746281787665,
,,,,,,,,,,,,,-1.5072912472648232,,-0.006421764904551348,-0.35141247941936415,
,,,,,,,,,,,,,-0.08419971734020054,,-0.001960981217124459,0.29007083170602,
,,,,,,,,,,,,,2.8273716650730845,,0.0586462729052723,-0.054317800405512734,
,,,,,,,,,,,,,-0.4799214782730026,,0.056082636000867714,1.1141801405236902,
,,,,,,,,,,,,,0.8343443177890913,,0.007556600999378791,-0.30265911690148506,
,,,,,,,,,,,,,0.6186726346219991,,-0.004247533346753664,-1.6235014563046912,
,,,,,,,,,,,,,0.5368240753069548,,-0.0013502782016198483,-1.56862556454469,
,,,,,,,,,,,,,1.7964201171840515,,0.1425264573409106,-1.6629671920806117,
,,,,,,,,,,,,,0.8141562532029755,,-0.01336674563148815,-0.055823811545712504,
,,,,,,,,,,,,,-2.015558847064653,,-0.06967692499380046,0.49699088403789254,
,,,,,,,,,,,,,-0.9599447353809523,,-0.004802902900866661,1.2582675582846023,
,,,,,,,,,,,,,0.5245306665105526,,0.0969114677748019,0.47880295654556004,
,,,,,,,,,,,,,-1.6513556502705191,,-0.17124970923417607,2.4329899135727913,
,,,,,,,,,,,,,-0.7034540194078227,,-0.001659316740658904,-0.2174773340344439,
,,,,,,,,,,,,,-0.17687760204154243,,-0.039342429966369274,-0.6051937371531895,
,,,,,,,,,,,,,1.2339787348948765,,0.0749415873443189,0.36127080509886167,
,,,,,,,,,,,,,-0.9566310239529703,,-0.09791698486352687,-0.016148512493931552,
,,,,,,,,,,,,,2.080982815451635,,0.16299630133398635,0.8410285118489683,
,,,,,,,,,,,,,0.4604267298797039,,-0.09542654651097705,-0.07962642009013302,
,,,,,,,,,,,,,-3.481057103270881,,-0.07826873827276248,1.7252276113880463,
,,,,,,,,,,,,,0.5855167193882576,,0.0048196023123172815,-1.081911927119765,
,,,,,,,,,,,,,-1.362176462847336,,0.06344052596285617,-2.4087077549178293,
,,,,,,,,,,,,,1.8749925054688457,,0.2430070071471592,-0.5433171375218245,
,,,,,,,,,,,,,1.8943438512722153,,0.09713622892645403,0.2839415594847863,
,,,,,,,,,,,,,-1.8609462172538203,,-0.08022878135401358,0.9482609276224331,
,,,,,,,,,,,,,0.39050093963635196,,-0.07567522567331268,-0.7953676242557769,
,,,,,,,,,,,,,2.482785066978149,,0.22384476689533633,-2.3356951492384614,
,,,,,,,,,,,,,2.201809497580883,,0.052096728626681424,0.9494131570707941,
,,,,,,,,,,,,,1.6896968114625548,,0.21931625713014083,0.7693758395022351,
,,,,,,,,,,,,,-1.3063916153054314,,-0.14790687911985614,-0.8004644519538664,
,,,,,,,,,,,,,-1.4648626412419057,,-0.1001140284493524,-0.37830375814092604,
,,,,,,,,,,,,,-0.3920296978739015,,0.010878876728726077,-1.4900843672012862,
,,,,,,,,,,,,,1.225715441509569,,-0.015099064510155868,2.5085249124559192,
,,,,,,,,,,,,,4.135157736633158,,0.2971545443795549,-2.6359733867004587,
,,,,,,,,,,,,,-1.0046577828673844,,-0.08816241762790733,0.19607743521959653,
,,,,,,,,,,,,,-2.007080141655152,,-0.18608410561749106,-3.041969626145032,
,,,,,,,,,,,,,-1.258250775646835,,-0.0021873440455423897,-0.3377796229867859,
,,,,,,,,,,,,,-3.138022003331453,,-0.16052327190759041,3.7905249406429036,
,,,,,,,,,,,,,-1.9710129092530402,,-0.10606980673007145,-1.0294373542847577,
,,,,,,,,,,,,,1.3243945253913436,,0.016171127369906335,-0.1531858052147032,
,,,,,,,,,,,,,-1.2101901636272776,,0.01898686297172377,0.31766176545425845,
,,,,,,,,,,,,,-0.8132688087881459,,-0.0762926214595842,-2.9831504879038966,
,,,,,,,,,,,,,1.6570310007274869,,0.008118979791731448,1.4537584088987383,
,,,,,,,,,,,,,0.1546254293505907,,-0.05159403364353597,-0.14821716989097294,
,,,,,,,,,,,,,1.0398456554559772,,0.10026173444738601,-1.5896698942068148,
,,,,,,,,,,,,,-0.8988946759824963,,-0.023606999854856196,0.2815056490432306,
,,,,,,,,,,,,,-0.3940815240852595,,0.09136759423979651,1.6400930884595966,
,,,,,,,,,,,,,1.6000141445711875,,-0.007132552944829442,0.11989258913908657,
,,,,,,,,,,,,,-2.688837527456291,,-0.18574958936981323,-1.0122806701718887,
,,,,,,,,,,,,,-1.0559577452634454,,-0.11736983231305158,-1.1236902085541287,
,,,,,,,,,,,,,1.8320494326198309,,0.118671603667763,-0.9813176632104538,
,,,,,,,,,,,,,1.1082008890671093,,0.0940690502078529,-1.201340084208511,
,,,,,,,,,,,,,1.2151326094346264,,0.13525108504604869,-0.7629324675328969,
,,,,,,,,,,,,,-1.9365438692445933,,-0.14354026271766196,-2.6165719778495466,
,,,,,,,,,,,,,-1.7898826504471261,,-0.14392251639912096,-0.3047242484361881,
,,,,,,,,,,,,,1.8583842930005587,,0.19375102847777595,-1.520456140564973,
,,,,,,,,,,,,,-0.7152165543253182,,-0.06203944355093856,3.1547837298024186,
,,,,,,,,,,,,,2.450376736283818,,0.14540109298558943,0.03678044959953248,
,,,,,,,,,,,,,-1.1108454892341593,,0.03747802342527016,-1.589067899045312,
,,,,,,,,,,,,,0.6116765815701904,,0.1606132007382077,-0.3965527954428622,
,,,,,,,,,,,,,1.5300618929640852,,0.2468943371463858,1.6403654087811788,
,,,,,,,,,,,,,3.1899904717473007,,0.14371433104390482,-0.09208405001080325,
,,,,,,,,,,,,,-1.0556876071007433,,-0.04434806789062096,0.7403503404035987,
,,,,,,,,,,,,,-0.09125603238700432,,-0.0127267047495001,0.9399601188067442,
,,,,,,,,,,,,,1.9069688073199638,,0.14341027054961253,-2.641877050264264,
,,,,,,,,,,,,,2.1047964217366246,,0.029874077119207306,-0.47840386710647453,
,,,,,,,,,,,,,-1.7284216199667388,,-0.09094337269727376,-1.4013294000270098,
,,,,,,,,,,,,,-0.6675073796897811,,-0.020900624020613573,0.7895852387484866,
,,,,,,,,,,,,,-0.6814454009227157,,-0.04990531213349048,-1.916778986848784,
,,,,,,,,,,,,,0.16108958273066384,,0.04508619349188893,1.7785520302733329,
,,,,,,,,,,,,,0.2653513282170086,,-0.05972300713195556,-2.9194519382402104,
,,,,,,,,,,,,,1.5084801484062262,,0.04111568571921427,-2.215934596155637,
,,,,,,,,,,,,,-1.536218466572237,,-0.12089470787794328,0.4893608247768595,
,,,,,,,,,,,,,-3.506892520292025,,-0.09685464978362522,2.819630734177957,
,,,,,,,,,,,,,-0.9631296352721115,,-0.2494742735145338,-0.9570615433689338,
,,,,,,,,,,,,,-1.835231497976371,,-0.10628268707722602,-0.1742337107472097,
,,,,,,,,,,,,,-1.1393668694101844,,0.005391878259850875,1.0799369503408465,
,,,,,,,,,,,,,1.032154714877598,,0.013671506883479298,-0.4821772616739141,
,,,,,,,,,,,,,-0.4131885219449084,,-0.029328151532806945,2.515403667220052,
,,,,,,,,,,,,,0.4505097418905246,,-0.022245510362228008,-1.1441037005404602,
,,,,,,,,,,,,,-1.670538289565049,,-0.11205479973117292,0.3218602690760342,
,,,,,,,,,,,,,0.857004523024159,,0.10328747573832495,-2.010969728764419,
,,,,,,,,,,,,,3.2659920838986585,,0.1652086244545508,-0.5039546120732776,
,,,,,,,,,,,,,-3.213487489799597,,-0.34336077319048713,-1.3795981395405412,
,,,,,,,,,,,,,-1.5058886937767977,,-0.15060130800295496,2.1596768242600226,
,,,,,,,,,,,,,3.521795356988174,,0.3061604213676261,-2.3020574498163437,
,,,,,,,,,,,,,0.22828776451951707,,0.015536131132678108,0.4140171017345353,
,,,,,,,,,,,,,-0.2663494181323244,,0.03582290299550041,-0.19768649977919625,
,,,,,,,,,,,,,-1.0885803567231114,,-0.09209954306806227,-0.667365975609139,
,,,,,,,,,,,,,-0.652479565022156,,0.03261844117298135,-0.17209513824961617,
,,,,,,,,,,,,,0.25688098016896316,,-0.09993534970410844,-0.056791305333641254,
,,,,,,,,,,,,,3.2563172725221357,,0.1350094915092207,-0.7566617693622505,
,,,,,,,,,,,,,-0.35211609662710963,,0.03784873329425675,-0.934249467407766,
,,,,,,,,,,,,,-3.215936542571736,,-0.17625924305354593,-1.4565292576357054,
,,,,,,,,,,,,,1.1562674720198347,,-0.1951513863934429,2.5861021042071513,
,,,,,,,,,,,,,-1.3855979374160456,,-0.1680596385868164,-0.9918726650873158,
,,,,,,,,,,,,,-0.28417165948879675,,-0.01250507749377214,2.685366698101153,
,,,,,,,,,,,,,-1.9797208179550272,,-0.11877796754585158,-1.8739176204907564,
,,,,,,,,,,,,,1.3014021476593975,,0.10750368384022775,2.537085108528701,
,,,,,,,,,,,,,1.0446230722637926,,0.08069235541976165,-0.46004835086303125,
,,,,,,,,,,,,,-0.08620701409710335,,-0.02359185482206185,-1.4433417915966835,
,,,,,,,,,,,,,0.06067072513989722,,0.013639416689242755,-1.570128621140138,
,,,,,,,,,,,,,0.2660200074430893,,0.004986131847675776,0.3738928047270895,
,,,,,,,,,,,,,1.0456393606358045,,0.08446692835121841,-0.416694929076616,
,,,,,,,,,,,,,3.7785566702773568,,0.15302386304699425,-1.4096051023725622,
,,,,,,,,,,,,,1.4687257849161215,,-0.02054654046248602,-0.29674087655925624,
,,,,,,,,,,,,,-1.1827854834444158,,-0.13351534578759058,0.39381701642731565,
,,,,,,,,,,,,,0.823326423407654,,-0.10403951592944667,0.35682202462798096,
,,,,,,,,,,,,,2.035603499677932,,0.23718027286179597,-0.761245507179157,
,,,,,,,,,,,,,0.8648791922647711,,0.046270480728782315,-1.072288513597932,
,,,,,,,,,,,,,2.7476295506679698,,0.20941485573262614,-0.0868588748574483,
,,,,,,,,,,,,,-2.9646822667172033,,-0.17525871825266018,0.620789604743947,
,,,,,,,,,,,,,-2.849607022011998,,-0.16009443264589887,1.2163166139979984,
,,,,,,,,,,,,,2.704816347729048,,0.13327914424947382,-1.7436525794556479,
,,,,,,,,,,,,,3.4193150992762256,,0.2401357216522051,-0.7166678471034208,
,,,,,,,,,,,,,0.5285210453386912,,0.011135509572488128,0.777989005618073,
,,,,,,,,,,,,,-0.8268093931342041,,-0.05375603748207193,0.2999537162187646,
,,,,,,,,,,,,,0.47016937722900937,,-0.002127484973065352,-2.804486877343903,
,,,,,,,,,,,,,-2.6174841261585184,,-0.13370726225659468,-0.8917635163153084,
,,,,,,,,,,,,,-0.4087424796394781,,0.03042162260822452,0.8762569017591573,
,,,,,,,,,,,,,0.9439663704085507,,0.08789229419562153,3.0653914825852233,
,,,,,,,,,,,,,0.9183768573162575,,0.12903577202255992,-0.7812601077967719,
,,,,,,,,,,,,,-1.0514204162228948,,-0.054937888760105934,-0.6047920998484319,
,,,,,,,,,,,,,-2.360933320793588,,-0.14583693114915117,1.36807996038188,
,,,,,,,,,,,,,0.2030050944707781,,-0.020704191423856932,-0.38144131812624166,
,,,,,,,,,,,,,2.295593066268506,,0.09798405560309174,0.8936009842572522,
,,,,,,,,,,,,,0.37960926643837717,,-0.01720596992069503,-1.889298145932823,
,,,,,,,,,,,,,2.0149939527180702,,0.10122937817780896,-0.9894518625818245,
,,,,,,,,,,,,,3.729902880877272,,0.349649843813548,2.7814508999103613,
,,,,,,,,,,,,,1.1873430394274584,,-0.0342579777159653,0.933736978318038,
,,,,,,,,,,,,,-1.3083641281477112,,0.08134627627414905,-1.4873939126943685,
,,,,,,,,,,,,,1.4925837726928,,0.04699158935750243,1.61562713804299,
,,,,,,,,,,,,,0.6728427657349991,,-0.030165059834779403,-0.31829946002919385,
,,,,,,,,,,,,,-0.6747374088848902,,0.030137963150758267,-2.122845410130982,
,,,,,,,,,,,,,-0.22112192654872115,,-0.06598120958180627,0.06830009426732912,
,,,,,,,,,,,,,2.4110908858904723,,0.11071547206358184,2.2392503695381882,
,,,,,,,,,,,,,-0.6778922359000643,,-0.05333518978262961,1.2903631331877337,
,,,,,,,,,,,,,-1.2457860565293128,,-0.07137967078656512,-0.3920214933626967,
,,,,,,,,,,,,,-2.1502986786348206,,-0.207857962329637,2.0391303772810465,
,,,,,,,,,,,,,0.42305625693016236,,0.06337740559839576,0.5022462777236756,
,,,,,,,,,,,,,1.7105220598887338,,-0.12369333098122735,-0.36121363893233066,
,,,,,,,,,,,,,-1.100093299337791,,-0.05439325560106863,-0.7720985647132609,
,,,,,,,,,,,,,-0.5977124882725126,,0.059752610650828465,0.38049985626756283,
,,,,,,,,,,,,,-0.7036079593347626,,-0.08546259578715651,0.7292095460998324,
,,,,,,,,,,,,,4.61134290455129,,0.09754042440350684,-0.9110510384450636,
,,,,,,,,,,,,,1.4101585409768966,,0.1742506784400138,-2.1993319390111767,
,,,,,,,,,,,,,-1.4159777734603085,,-0.14714286406518326,2.049323102897839,
,,,,,,,,,,,,,1.0344018610376555,,0.12938960118312948,0.8203557892448868,
,,,,,,,,,,,,,0.1728080644127957,,0.08589776152837215,0.11080968508862855,
,,,,,,,,,,,,,-3.341094066809539,,-0.23776023048869155,0.6472655034115207,
,,,,,,,,,,,,,1.299609880068771,,-0.03707974285422001,-0.7497362574115759,
,,,,,,,,,,,,,-2.5412870574925073,,-0.2493074471078051,-2.886304082131354,
,,,,,,,,,,,,,0.340930670924137,,-0.0505510452504927,2.4376574530701904,
,,,,,,,,,,,,,1.0805966929196782,,0.1350330360535047,0.09286161659521361,
,,,,,,,,,,,,,-1.606664345685425,,-0.18453798702761015,0.4117954359986558,
,,,,,,,,,,,,,-0.356656247067951,,0.08915423013835934,0.6473536388440939,
,,,,,,,,,,,,,1.3006860329529761,,0.024199783101040363,0.09030401347348893,
,,,,,,,,,,,,,1.5115849906380385,,0.12603826128992823,-0.6354404980712802,
,,,,,,,,,,,,,-0.6956375628223103,,0.0013903881278464778,0.019760110497531763,
,,,,,,,,,,,,,1.1845338405378423,,0.04673443368918592,3.9832253200159866,
,,,,,,,,,,,,,0.4758792571946278,,-0.022578957973482146,0.11104712844277885,
,,,,,,,,,,,,,1.4066869213195776,,0.03821140242361123,0.6143566402279227,
,,,,,,,,,,,,,1.5922888234514305,,-0.013428293929912618,-0.06320317975707719,
,,,,,,,,,,,,,3.482588788325,,0.2362729584320478,1.4070332824527787,
,,,,,,,,,,,,,0.6116185339331245,,-0.06912749877880328,2.8032282144059355,
,,,,,,,,,,,,,1.9237092693703315,,0.10680799633420618,-0.061999494877160895,
,,,,,,,,,,,,,-1.2094239526250659,,-0.12246187106420447,2.2032868629918987,
,,,,,,,,,,,,,-0.7398797460509884,,-0.039202790110501734,-1.7560167001876947,
,,,,,,,,,,,,,-1.9449045950364336,,-0.14385072638917853,-0.10266461938230502,
,,,,,,,,,,,,,-0.46185918762514655,,-0.03332985643809128,-1.0923833805221526,
,,,,,,,,,,,,,-1.219803010649253,,-0.037872662115251136,0.17662117586176518,
,,,,,,,,,,,,,1.713939935884676,,0.21053510998622627,0.04167135284539746,
,,,,,,,,,,,,,-1.1902044190019336,,0.03570623994701304,0.27804507387454497,
,,,,,,,,,,,,,0.6784395765281548,,-0.06801585897152176,2.1649299487768205,
,,,,,,,,,,,,,2.6071033159457646,,0.2288621203018214,0.6989575892301473,
,,,,,,,,,,,,,2.3547619438806526,,0.14969244108393603,-1.4046353770240323,
,,,,,,,,,,,,,-1.0300841046892109,,0.018973086735716307,1.471972174836337,
,,,,,,,,,,,,,1.6535552659416122,,0.07198520121815036,1.9001974403500268,
,,,,,,,,,,,,,0.3653823380779281,,-0.013289408790265817,1.226791568590924,
,,,,,,,,,,,,,1.3900471175833788,,0.07883946541261602,-1.64108179835697,
,,,,,,,,,,,,,2.08476516361388,,0.10986671851528636,2.1375561430138763,
,,,,,,,,,,,,,0.8287492956391265,,0.027088135648591544,0.7033812154614959,
,,,,,,,,,,,,,2.955673483112974,,0.2048766896184365,1.460280105255573,
,,,,,,,,,,,,,2.2587374199462307,,0.182870649566745,-1.3947957028819102,
,,,,,,,,,,,,,-1.0289344171566075,,-0.00284685846778887,1.9172347027088732,
,,,,,,,,,,,,,-1.2075898634417583,,0.0523310038206467,-1.8901218226917198,
,,,,,,,,,,,,,2.8362652800057324,,0.01951641982531959,0.676130652704305,
,,,,,,,,,,,,,-0.25914015843393157,,-0.031708595792547735,-0.7241549358241091,
,,,,,,,,,,,,,0.4403720050097558,,0.05364561472913643,0.8589341775540971,
,,,,,,,,,,,,,-0.44161233968531594,,-0.09314986422521244,2.0972440003116724,
,,,,,,,,,,,,,-0.6975594759511686,,-0.06639394489061616,-0.1625376241258752,
,,,,,,,,,,,,,2.966317357572835,,0.31056879097080575,-0.7199530192996189,
,,,,,,,,,,,,,-0.715201623247859,,0.008298269790588371,0.17477493072916434,
,,,,,,,,,,,,,1.5746736880115628,,0.05046103162248606,0.29837924827630197,
,,,,,,,,,,,,,-2.779400896441769,,-0.14865496950625834,-2.0111332114518103,
,,,,,,,,,,,,,-0.8344131226471079,,0.012659164264808183,-2.3830773731967745,
,,,,,,,,,,,,,2.2811907868621306,,0.06936562095182983,-1.7123254748595444,
,,,,,,,,,,,,,0.4639206827708959,,-0.050734668649437084,0.5653760335274094,
,,,,,,,,,,,,,0.5740542845217118,,0.018576268321466947,1.5002803780970484,
,,,,,,,,,,,,,2.3729919387524863,,-0.005425908860430211,0.30418760834017144,
,,,,,,,,,,,,,2.169122056252939,,0.01931597463156905,-1.2396333816032588,
,,,,,,,,,,,,,-1.8212980605951465,,-0.2738142201113042,-1.7676776214273333,
,,,,,,,,,,,,,-0.9311225325606195,,0.02627741643706707,-0.5191677616955359,
,,,,,,,,,,,,,-0.21983206674788336,,0.007326388547458341,0.2905645097995653,
,,,,,,,,,,,,,0.4636876867433712,,-0.07739759743538022,0.14071367290474562,
,,,,,,,,,,,,,2.4583968549971567,,0.1760831838842512,-3.5838074762559327,
,,,,,,,,,,,,,0.6601442811205406,,-0.1546295151451261,-2.1274781050459053,
,,,,,,,,,,,,,0.6287808526613604,,0.0525046070346858,0.8428388123865693,
,,,,,,,,,,,,,0.7719058830844139,,0.05638027450399677,-1.2763060206391157,
,,,,,,,,,,,,,0.939524021145739,,0.06152170784479025,0.3510929175123054,
,,,,,,,,,,,,,-1.1238207601287373,,-0.20121387852733147,-1.6468030169470929,
,,,,,,,,,,,,,2.3351844725068207,,0.0037729100575380073,-4.775721494493282,
,,,,,,,,,,,,,0.5549154047910105,,0.003874387302124989,-0.16130350161266158,
,,,,,,,,,,,,,0.6746457822135885,,0.12941718484071565,1.2183028063737513,
,,,,,,,,,,,,,-1.9648958709614812,,-0.0919097491720539,0.17458315002916,
,,,,,,,,,,,,,-0.5989387205714312,,-0.1417141447847466,-0.5175880683338716,
,,,,,,,,,,,,,-3.0047729643198267,,-0.2960156255690567,1.1242174304868915,
,,,,,,,,,,,,,-0.9941226731909018,,-0.09024642414690595,0.7382573929478538,
,,,,,,,,,,,,,2.0972965855411148,,0.027257443378811697,2.460932368637634,
,,,,,,,,,,,,,-0.7892571573718189,,0.0218760899382556,0.15584615961276993,
,,,,,,,,,,,,,-1.8393536118927087,,0.01807615504827374,1.8041698535360768,
,,,,,,,,,,,,,2.483435944747484,,0.09039424354691573,-0.23893980209282742,
,,,,,,,,,,,,,-0.6274613168278015,,-0.05658722060769041,0.7178919927678381,
,,,,,,,,,,,,,-1.5082406642201516,,-0.04107374376940494,0.17615865491690205,
,,,,,,,,,,,,,0.250218834461294,,-0.057135425628150056,2.161471018839906,
,,,,,,,,,,,,,1.0482693131856784,,-0.076096699981783,-1.3560044293789009,
,,,,,,,,,,,,,3.394746786970437,,0.09240675835204343,0.8370677711485662,
,,,,,,,,,,,,,4.37467340781621,,0.30941585123534215,-1.6564149078219603,
,,,,,,,,,,,,,-0.9875164048086957,,-0.06326979223481641,-0.11501849206942141,
,,,,,,,,,,,,,0.9465732833464704,,0.00514287091698027,0.13264382261539,
,,,,,,,,,,,,,1.1003155931178554,,0.08128111790715258,-2.1759293113540075,
,,,,,,,,,,,,,2.7360417877867924,,0.16258878506045685,0.761883963083715,
,,,,,,,,,,,,,1.0547434773779254,,-0.013916792715439476,-1.9058602671316098,
,,,,,,,,,,,,,1.2573215570292302,,0.11994620098194188,-0.23126043892075973,
,,,,,,,,,,,,,-1.03816753903823,,0.08397481315910169,1.1491008279769732,
,,,,,,,,,,,,,-2.220686030804846,,-0.170783705424338,-1.176190503658109,
,,,,,,,,,,,,,-0.8297930469848229,,0.03628664749715313,1.0929832939265147,
,,,,,,,,,,,,,-1.2238675127524024,,-0.033923200140364096,-0.5661420650095889,
,,,,,,,,,,,,,1.6419121597206277,,0.11237865939147966,-1.7369789453343119,
,,,,,,,,,,,,,0.8132849541162932,,0.1785546386587929,-0.9414428812837269,
,,,,,,,,,,,,,0.7092805219688697,,0.06766396232263741,-0.6097979537841876,
,,,,,,,,,,,,,2.7141129246039797,,0.022014721950440755,-1.2220766974574824,
,,,,,,,,,,,,,3.0988152972201712,,0.20682014850959246,-1.2195314041440133,
,,,,,,,,,,,,,0.594912925333335,,-0.01824264831635427,-1.2338699145347998,
,,,,,,,,,,,,,2.5494471654225137,,0.05034054671782102,0.677205587056153,
,,,,,,,,,,,,,-2.893175385368652,,-0.18041442560933413,1.2319364085183038,
,,,,,,,,,,,,,1.400511873328373,,0.051732829627758915,2.281042053986505,
,,,,,,,,,,,,,2.8879480640491857,,0.20049749455989804,-1.104000335544951,
,,,,,,,,,,,,,-3.0024842981422,,-0.23801451924525557,1.39254828556844,
,,,,,,,,,,,,,0.23334924456666695,,0.05249031235683483,0.6515561917970087,
,,,,,,,,,,,,,-1.1532801965445576,,-0.10187220769500614,0.8906784318457147,
,,,,,,,,,,,,,-2.2009116395248673,,-0.07992620928156205,1.2726005075576723,
,,,,,,,,,,,,,0.8412644537270546,,-0.0377372337646826,-1.4801644008560524,
,,,,,,,,,,,,,0.9425198395138344,,0.16434653759702175,1.1403850547758787,
,,,,,,,,,,,,,-0.3688989520572315,,-0.0058219115073413095,0.9941123036846279,
,,,,,,,,,,,,,2.1173932254412606,,0.2506289963395656,-1.7337180618556787,
,,,,,,,,,,,,,0.9264833123787349,,-0.03848785397762173,0.9858477047767592,
,,,,,,,,,,,,,-1.0448954981085894,,-0.008820461584141924,0.8941244893338987,
,,,,,,,,,,,,,0.7447447432793974,,-0.009784577019456578,-0.7068942140460256,
,,,,,,,,,,,,,1.0216610821021401,,0.0305860977822088,-0.840045038133676,
,,,,,,,,,,,,,3.902779533471049,,0.20693745113580167,0.9117535825415366,
,,,,,,,,,,,,,1.0996755863466352,,-0.0368775140677026,1.9419655538103189,
,,,,,,,,,,,,,0.8574608526230832,,-0.05911894173422152,-2.511002620368828,
,,,,,,,,,,,,,-0.5051732038967494,,0.0030763629646061276,0.5747886103384235,
,,,,,,,,,,,,,0.7725641717846508,,0.0734975086327207,-1.4039871950781508,
,,,,,,,,,,,,,-1.086225992976514,,0.004255290300023204,1.2231581333387653,
,,,,,,,,,,,,,1.3666252162183996,,0.14944889094869387,-0.7865053337853316,
,,,,,,,,,,,,,1.3929119204994815,,0.18504685502499654,1.032562288975723,
,,,,,,,,,,,,,1.6786481152370292,,-0.07482093392645343,-0.3872259810468782,
,,,,,,,,,,,,,-0.5664636915707544,,-0.06655911981204372,-1.1372692410455736,
,,,,,,,,,,,,,1.9497185635497536,,0.09835721147795695,-1.7420856317138007,
,,,,,,,,,,,,,2.785787265013688,,0.08612179051858898,-0.06771763750802241,
,,,,,,,,,,,,,1.0559462793820344,,0.045844400544012204,0.9607586981380556,
,,,,,,,,,,,,,2.927576462827334,,0.1745007121827591,0.8788386263104627,
,,,,,,,,,,,,,-1.2184339854817259,,-0.0669319476352978,0.9260381466469244,
,,,,,,,,,,,,,-3.8083433282301042,,-0.30068777200599217,-0.48279041135332623,
,,,,,,,,,,,,,0.10599733972823738,,-0.024212009264235394,-0.8748413068009036,
,,,,,,,,,,,,,0.22146530732396308,,-0.17968829366833872,-2.8676945565184617,
,,,,,,,,,,,,,-0.9005126433039126,,0.14267097502990167,-0.9564604863570594,
,,,,,,,,,,,,,-1.191129349602884,,-0.006559983505593173,1.7030746362568072,
,,,,,,,,,,,,,1.214314126842401,,0.04533285174996137,0.427621628790433,
,,,,,,,,,,,,,1.0405701547232888,,0.03608092688440517,-0.8254364780789089,
,,,,,,,,,,,,,0.9768859975484527,,-0.023004496018255768,1.8041410560705742,
,,,,,,,,,,,,,1.3484227817158057,,-0.10530122475899863,-1.4697062239210144,
,,,,,,,,,,,,,-0.7908665620352661,,-0.16411030951213323,2.8169170745544836,
,,,,,,,,,,,,,0.5573082353515143,,-0.05413313357169442,1.5163179265254119,
,,,,,,,,,,,,,-0.34491249011162456,,-0.043276568760424516,-0.7756884923315519,
,,,,,,,,,,,,,1.1986984422880465,,0.12788426123347624,-4.100521018032861,
,,,,,,,,,,,,,4.470683239105933,,0.4295688880219881,1.5991753004574476,
,,,,,,,,,,,,,1.1825226205180006,,-0.08168124377475688,0.1560492840542622,
,,,,,,,,,,,,,0.6894666140578748,,-0.013387453666192551,-1.1052527618543684,
,,,,,,,,,,,,,2.0427749293056663,,0.06558348913289451,1.0598363636713977,
,,,,,,,,,,,,,1.1844875760695426,,0.0972436150295647,-0.5014176977768612,
,,,,,,,,,,,,,0.9351762167951874,,-0.05959725400125157,-0.106647446781021,
,,,,,,,,,,,,,3.1322274747185412,,-0.0390874212337072,-0.4485149456781088,
,,,,,,,,,,,,,1.6128219208105956,,0.15574437979012193,1.0287622897888407,
,,,,,,,,,,,,,-1.1115095559294852,,-0.13275060287144316,0.5357234920302568,
,,,,,,,,,,,,,-2.2492606406012228,,-0.19882378057792313,-2.222155363310705,
,,,,,,,,,,,,,-1.82381762740714,,-0.09259177127971967,-2.7403501768783927,
,,,,,,,,,,,,,-1.6954232124436623,,-0.08235790044358961,0.5523458431302835,
,,,,,,,,,,,,,2.420975427989918,,0.12249429529654658,-1.4834631327739505,
,,,,,,,,,,,,,-0.48654889021929837,,0.005126909069729918,-0.264083273836324,
,,,,,,,,,,,,,3.5175049899680184,,0.26548181948100463,-0.09094477932309596,
,,,,,,,,,,,,,0.14630097310253798,,-0.017852389611060806,-2.1854772331273864,
,,,,,,,,,,,,,-1.5967592085312667,,-0.17171280525951843,1.0702129375577758,
,,,,,,,,,,,,,2.1068504867914073,,0.11425524232021934,0.8862557672865097,
,,,,,,,,,,,,,2.3994549557462546,,0.2474551179462946,-0.3060287195787514,
,,,,,,,,,,,,,0.27433976810144434,,0.07580293781517695,0.21209459367874148,
,,,,,,,,,,,,,2.237620758643959,,0.24477626381863937,-1.087405992827166,
,,,,,,,,,,,,,-0.6263015180986065,,-0.039778873427490195,0.6351548211864095,
,,,,,,,,,,,,,-0.6173100633079818,,-0.021117792912833583,1.1953323351001408,
,,,,,,,,,,,,,-0.9145819774139929,,-0.04160719617671823,0.64525206212003,
,,,,,,,,,,,,,-1.2295446499848801,,-0.04691694564649373,1.3013843007551005,
,,,,,,,,,,,,,-1.5869267283921817,,0.01330097866101118,-0.05638366664115021,
,,,,,,,,,,,,,1.1936239419262273,,0.10799678155632012,0.1479958723527883,
,,,,,,,,,,,,,-1.5932795927120063,,0.03501728659683258,0.42487211457336665,
,,,,,,,,,,,,,-1.4177580374615164,,-0.030598713439369443,0.005753994535835,
,,,,,,,,,,,,,0.04270657085507615,,0.010936246836401323,0.6354848211975572,
,,,,,,,,,,,,,0.04010418841076625,,-0.03162021555287252,0.4960223328809548,
,,,,,,,,,,,,,2.717977208488708,,0.15371381279938648,0.7010976233519488,
,,,,,,,,,,,,,-0.8705412245540638,,0.020185173662307453,-0.20042284993906548,
,,,,,,,,,,,,,1.3938017049713713,,0.11426178179448354,0.23802465015130345,
,,,,,,,,,,,,,-1.5665527810001623,,0.09313938375809337,0.6270350871717224,
,,,,,,,,,,,,,1.858489042616277,,0.11314821741066149,2.106704991675536,
,,,,,,,,,,,,,-0.3230375822506419,,-0.04728440003382674,-2.9565866897184003,
,,,,,,,,,,,,,0.5084444350914421,,0.16548889503998354,1.053833683031066,
,,,,,,,,,,,,,0.8417959173723618,,0.03859166990423231,-0.8156809354886739,
,,,,,,,,,,,,,3.0932138879123334,,0.17000840691699176,-0.04909242133812321,
,,,,,,,,,,,,,-1.7666172928728556,,-0.12426494952110811,-0.8065867793609911,
,,,,,,,,,,,,,1.0589119948712122,,0.20120330920191087,1.7883969557102328,
,,,,,,,,,,,,,-1.0362710656320064,,-0.04584923799301042,-0.7531812925147425,
,,,,,,,,,,,,,3.9540754385090766,,0.4362763435482291,0.24616283054216453,
,,,,,,,,,,,,,1.5551790743284206,,0.03520140601243076,-1.379807174349555,
,,,,,,,,,,,,,-1.7935637197268104,,-0.11118048808787,-1.12929230562172,
,,,,,,,,,,,,,0.9654583058470715,,0.08588351189517256,0.22581346496006324,
,,,,,,,,,,,,,1.4915177989915591,,0.04495962618337727,-0.46679357620851475,
,,,,,,,,,,,,,-1.1632258336133046,,0.08530254241085505,0.4121858452040029,
,,,,,,,,,,,,,2.5562647046669964,,0.009107209158779599,-2.0842870475301107,
,,,,,,,,,,,,,-0.42447570498787385,,0.014061736388540243,-1.134944736265857,
,,,,,,,,,,,,,0.8458517319554805,,0.08677311271350713,-2.54544778637413,
,,,,,,,,,,,,,-1.246212601350139,,-0.09111219246754437,0.17524533184336108,
,,,,,,,,,,,,,-0.5545381200553468,,-0.057189076277463946,2.312623987532958,
,,,,,,,,,,,,,-2.646950919188116,,-0.20906163812925888,-1.0921622710841354,
,,,,,,,,,,,,,0.6214382594769772,,-0.07311237696573109,0.2137906842422868,
,,,,,,,,,,,,,-2.437385970047818,,-0.1896925636846662,0.15331117273377035,
,,,,,,,,,,,,,0.35798720533366624,,0.04348733868702744,0.1484790478002307,
,,,,,,,,,,,,,1.8116637111241733,,0.09232883060995034,-2.175509247227853,
,,,,,,,,,,,,,2.6907957716397606,,0.18380711378898984,-0.5128797855087924,
,,,,,,,,,,,,,0.4358826956361144,,0.03619472183670327,-0.4137638836502603,
,,,,,,,,,,,,,0.6820451343310545,,0.043841475439376845,0.3685051788588662,
,,,,,,,,,,,,,-1.6907598701135584,,-0.16248975298810206,0.4743342199523578,
,,,,,,,,,,,,,1.8688869568695043,,0.13531510465310229,0.4493463149178258,
,,,,,,,,,,,,,2.11527432502325,,0.11138857814699728,0.9216162855407696,
,,,,,,,,,,,,,2.5264081217546837,,0.16831979352468027,-0.5113543584627566,
,,,,,,,,,,,,,2.3831397750173666,,0.09972687373157439,-1.9262495643355084,
,,,,,,,,,,,,,1.6460271634241197,,0.02612314981280979,1.8321393531178751,
,,,,,,,,,,,,,2.4964821729748032,,0.05665171247521582,1.5067902073510664,
,,,,,,,,,,,,,2.666309543467348,,0.1942217704541248,-2.614812859935442,
,,,,,,,,,,,,,0.6993028411722053,,-0.05160922176066378,-0.07552830425493814,
,,,,,,,,,,,,,-1.317134943746253,,-0.12001413999670378,-1.6896405902684823,
,,,,,,,,,,,,,3.576648916368378,,-0.08289987366491762,-1.8990728156889278,
,,,,,,,,,,,,,-0.5519191705863882,,0.05966155060170801,1.878391277660956,
,,,,,,,,,,,,,1.3511516538557349,,0.10935268296981808,1.1415453095412822,
,,,,,,,,,,,,,-2.101345159691787,,-0.17870566633234625,1.4052695445805459,
,,,,,,,,,,,,,0.8679053614390106,,0.0044731190135759045,0.23010615493171804,
,,,,,,,,,,,,,0.16576446840936784,,0.10474274760023522,-1.5005418490758107,
,,,,,,,,,,,,,1.6986173701265115,,0.1522645673738731,0.9118858899976432,
,,,,,,,,,,,,,-0.6594229644188243,,-0.018486551251577363,3.3679873004399163,
,,,,,,,,,,,,,0.6674476828608678,,0.011799235453384902,-0.20202821996958548,
,,,,,,,,,,,,,0.5734774919803892,,-0.006762174226117935,0.35612109878003706,
,,,,,,,,,,,,,-2.2228595833454086,,-0.05025151820774739,-1.9742150413029318,
,,,,,,,,,,,,,0.9673079868075198,,0.026475353821524123,-0.654552338522934,
,,,,,,,,,,,,,-1.9195804970126364,,-0.15983999742924346,0.2217364111987512,
,,,,,,,,,,,,,0.9540824964809159,,0.0702866659600537,0.13697969363602838,
,,,,,,,,,,,,,-1.7401229700301657,,0.0003409039960852342,-0.5891715998092599,
,,,,,,,,,,,,,2.0978670837143407,,0.05403817336232551,-0.07541977621484898,
,,,,,,,,,,,,,1.5731392896661431,,0.1365360062172665,-2.938965089042361,
,,,,,,,,,,,,,-0.6485114074494377,,-0.06558183146320805,-1.3373859445170848,
,,,,,,,,,,,,,-1.3293791634992065,,-0.0408230199833655,-0.005125709600376409,
,,,,,,,,,,,,,2.7988993816837096,,0.12518100569187268,-0.07620347909098217,
,,,,,,,,,,,,,0.08499819217589116,,0.06804041234901662,-2.2194388236002824,
,,,,,,,,,,,,,-1.146186775359474,,-0.15356452776630877,1.0745905788667705,
,,,,,,,,,,,,,-0.7844692259624075,,-0.021020658953340026,0.6628923375823997,
,,,,,,,,,,,,,-1.302983331257217,,-0.059819981118128085,1.1206673104416183,
,,,,,,,,,,,,,-2.8509111385578185,,-0.20661455458867847,-0.09591957622726546,
,,,,,,,,,,,,,1.8527080622240713,,0.06517571604450713,-2.2197121028443334,
,,,,,,,,,,,,,1.8957313615002231,,0.14982184680303023,0.07745229103094879,
,,,,,,,,,,,,,-1.7395154382367146,,-0.12292761464470187,3.714595110771096,
,,,,,,,,,,,,,0.8171354694739752,,0.10301734098415344,1.0804109968944904,
,,,,,,,,,,,,,1.7984917804810359,,0.03840047417443656,1.0499162526738037,
,,,,,,,,,,,,,-1.640815499189448,,-0.17999465500296835,-0.9568669847297188,
,,,,,,,,,,,,,0.4926723790016565,,-0.03809359691211118,0.46563833351021955,
,,,,,,,,,,,,,2.4795015720646973,,0.2531003342226912,0.5827965769890042,
,,,,,,,,,,,,,0.30275323395123965,,0.08833708775707248,-0.14689849148628592,
,,,,,,,,,,,,,0.36377792181383145,,-0.1631256225757495,1.379373375023186,
,,,,,,,,,,,,,2.359396813524617,,0.018996328435387944,0.3576274084263071,
,,,,,,,,,,,,,-2.244330496972755,,-0.15629832816296685,-1.6294891252704047,
,,,,,,,,,,,,,0.32292651496753916,,0.07931523381061278,-1.9142288034388615,
,,,,,,,,,,,,,-0.6044218987307465,,-0.013716446107245704,-0.7407309456735371,
,,,,,,,,,,,,,1.6287249404841475,,0.21288807360868933,-1.2677515319910821,
,,,,,,,,,,,,,2.6229510689088826,,-0.02793606303823393,-1.9436771412390563,
,,,,,,,,,,,,,1.1854151207519625,,-0.24720537301402595,-1.671332383158151,
,,,,,,,,,,,,,1.64703605383891,,0.09571781783086346,1.0942526392409957,
,,,,,,,,,,,,,2.4329132397482316,,0.2904721921738393,-3.226800102205622,
,,,,,,,,,,,,,1.264810093506344,,-0.062470998191027735,-0.868512976298073,
,,,,,,,,,,,,,-0.12074726649804808,,0.015081744665599646,1.4099704847000325,
,,,,,,,,,,,,,-2.3832519510729657,,-0.22904699826089314,0.31984227223273287,
,,,,,,,,,,,,,2.683505044723989,,0.04327449881101908,-0.8925099364733703,
,,,,,,,,,,,,,0.21679935404724374,,0.07707477864962771,1.8395293174456226,
,,,,,,,,,,,,,1.021541955383837,,-0.06228739681251132,0.4013417941037805,
,,,,,,,,,,,,,2.2198435526223683,,-0.006442297044335445,-0.6133755672621329,
,,,,,,,,,,,,,-1.047814238448548,,0.06999484275601212,1.9458676156523698,
,,,,,,,,,,,,,0.2720112660942074,,-0.10358018184897246,0.0642906103274954,
,,,,,,,,,,,,,1.302403932574728,,0.1749112025472865,1.5578318163106775,
,,,,,,,,,,,,,2.9509157155382018,,0.07412569694690563,-0.6020228214395544,
,,,,,,,,,,,,,1.2842113445564889,,0.0658840543400964,-0.15690429593639033,
,,,,,,,,,,,,,-2.6303462647760165,,-0.12489987675995551,0.3531841152063829,
,,,,,,,,,,,,,0.564994232217523,,-0.003162787262419069,0.5725620442956029,
,,,,,,,,,,,,,-1.40250246764031,,-0.03485616345859396,1.4252749193887935,
,,,,,,,,,,,,,0.883053304745964,,0.0759382249928353,-0.667980477903274,
,,,,,,,,,,,,,2.601331614049864,,0.2920863799882037,-2.3779817408217885,
,,,,,,,,,,,,,1.8119550597842011,,0.11635914710677413,0.46832123328659103,
,,,,,,,,,,,,,-1.9585569708594373,,-0.005762099602226562,-0.2599586424428961,
,,,,,,,,,,,,,-1.5911324682298504,,-0.1063838973121081,0.31607999449174046,
,,,,,,,,,,,,,0.5493231605747322,,0.0702927968886994,0.5823698451409178,
,,,,,,,,,,,,,1.245747432674145,,0.024565395476213774,-0.1661824147334657,
,,,,,,,,,,,,,-2.587893104600632,,-0.2079591611834653,2.458702228751862,
,,,,,,,,,,,,,-1.5611934307201232,,-0.11584950751299304,-1.8138545365231271,
,,,,,,,,,,,,,-2.2240183516521688,,-0.2578241227842623,0.7596620767639478,
,,,,,,,,,,,,,1.8159110291174354,,0.07756718279581815,-1.0832606786999288,
,,,,,,,,,,,,,1.3043390397941188,,0.09764356557381351,-3.560918014923915,
,,,,,,,,,,,,,0.9935666812633307,,-0.08677496128045688,-2.2740610657573996,
,,,,,,,,,,,,,-2.2736226699261537,,-0.0759967174942399,2.310063679849981,
,,,,,,,,,,,,,-1.8480697100822783,,-0.18408423975766455,0.5939975672043734,
,,,,,,,,,,,,,0.44492673335571686,,0.12116430458845363,-1.476656194958564,
,,,,,,,,,,,,,-1.1298865175991528,,-0.10344659956669157,-1.61058357933577,
,,,,,,,,,,,,,1.4891091511238443,,0.031023584963343155,0.27813811794495774,
,,,,,,,,,,,,,0.21108807832818288,,0.12649508491656708,1.3322428213734023,
,,,,,,,,,,,,,1.6946339472591518,,0.04560632019846791,1.0944243056072045,
,,,,,,,,,,,,,-0.21729563148948763,,-0.03147209179106492,1.0445926299976995,
,,,,,,,,,,,,,3.5704242427502275,,0.05120149260091203,-1.1755887818528872,
,,,,,,,,,,,,,0.9243736106381377,,-0.11906801106264037,-0.2700328108403254,
,,,,,,,,,,,,,1.3512260742193432,,0.1555015283247779,-0.5279531343915492,
,,,,,,,,,,,,,0.8012782587635126,,0.08391528311233835,1.3322810986342402,
,,,,,,,,,,,,,0.8145830199337676,,0.04534835368485699,-0.2242941141307008,
,,,,,,,,,,,,,0.2028772900542351,,-0.004064129159089338,1.3136059567410276,
,,,,,,,,,,,,,0.18802068167614078,,0.05678187086737421,-1.6368986455532784,
,,,,,,,,,,,,,-2.797927734828091,,-0.12047863910813064,1.2323770105363114,
,,,,,,,,,,,,,2.6641595136578067,,-0.017328729923097953,0.17273441776278872,
,,,,,,,,,,,,,1.4493507433371333,,0.03457303170027344,-0.5283945757450942,
,,,,,,,,,,,,,-1.0521261196068432,,-0.1463798863463249,-2.2805384080243143,
,,,,,,,,,,,,,1.587983796743777,,-0.00984638603835602,0.7069989530046158,
,,,,,,,,,,,,,2.146879744599595,,0.12255673780771595,-1.2945892806372257,
,,,,,,,,,,,,,-2.2157402813869465,,-0.24918772492152752,-2.4651447689298953,
,,,,,,,,,,,,,0.7871728609178869,,0.16500813516800214,1.1271145692976754,
,,,,,,,,,,,,,1.7066965105808063,,0.17948636444232896,1.5020778561683936,
,,,,,,,,,,,,,-0.5180263384721838,,-0.05104165983811836,-0.5281459955164195,
,,,,,,,,,,,,,-1.1912671651294438,,-0.018211846360087647,-1.258248739880366,
,,,,,,,,,,,,,1.3547646393989377,,0.1668345414349247,-2.2557130096413016,
,,,,,,,,,,,,,2.802879288595448,,0.08296183051672829,1.7287203758204384,
,,,,,,,,,,,,,-2.6363780162097563,,-0.20915986432791744,-0.10761454343617324,
,,,,,,,,,,,,,-0.7894439632262037,,-0.011297373885222626,-3.130370959488481,
,,,,,,,,,,,,,0.4752034088663534,,0.1338782451971025,-1.9595550688735683,
,,,,,,,,,,,,,-0.12291467228335241,,-0.10634537626331891,-2.0323591326198787,
,,,,,,,,,,,,,2.533928019397202,,0.05407494459840382,1.0781643621506511,
,,,,,,,,,,,,,1.044032695540761,,0.11344456820470597,0.4129622534614448,
,,,,,,,,,,,,,-1.0995441068648932,,0.022249737199152908,-0.9293454533438652,
,,,,,,,,,,,,,2.779438326645561,,0.23725955249515035,-0.702296067219346,
,,,,,,,,,,,,,-0.6933114656203456,,0.042022539275284924,1.4195120986654657,
,,,,,,,,,,,,,-2.284171358304959,,-0.2702600289914667,-0.7863119062545861,
,,,,,,,,,,,,,-1.625314179469902,,-0.06469834117097548,-2.467392211082391,
,,,,,,,,,,,,,0.7716568088056399,,0.015589816818270381,2.0947778798229857,
,,,,,,,,,,,,,1.5999073309114513,,0.06864064072700239,-0.6375104075195096,
,,,,,,,,,,,,,0.524570928689811,,0.1781322673112078,-0.5721682184498889,
,,,,,,,,,,,,,-0.6517006062710605,,0.1741943622486452,-0.5713363663001749,
,,,,,,,,,,,,,-1.7756776833181793,,-0.15597859256815205,-2.1012897949940617,
,,,,,,,,,,,,,2.590320237860909,,0.21366758361424462,-2.889691709518474,
,,,,,,,,,,,,,2.121627985905514,,0.12023843474238363,-2.685895373262418,
,,,,,,,,,,,,,0.41619645286006773,,-0.10150725864108909,-0.9961590466778617,
,,,,,,,,,,,,,2.4003016007035844,,-0.0020983075291168196,-0.8292026132287014,
,,,,,,,,,,,,,-1.1941125271546338,,-0.042054706663248814,-2.4439199834455474,
,,,,,,,,,,,,,1.4428389586276489,,0.03954067356405352,2.2665205978652994,
,,,,,,,,,,,,,4.601233135568925,,0.20629644124484442,-0.6220257416657118,
,,,,,,,,,,,,,3.918207793145089,,0.17775464411032177,3.514245921619446,
,,,,,,,,,,,,,-0.7448682913962521,,-0.0335955005431814,-2.8171618542150854,
,,,,,,,,,,,,,-1.886299308647363,,-0.16170415584253414,0.9531665449889417,
,,,,,,,,,,,,,-0.15363419769906775,,-0.029857928885693923,1.493164372283308,
,,,,,,,,,,,,,1.141187589022834,,-0.04371003685985202,2.3247100729722963,
,,,,,,,,,,,,,2.216756007781753,,0.1335131784491509,-0.2734052455295593,
,,,,,,,,,,,,,3.239432354765514,,0.015537975483193906,-0.3995549742147021,
,,,,,,,,,,,,,-0.6207292778973464,,0.021644748562232405,1.099574432087094,
,,,,,,,,,,,,,2.350397348453539,,0.15916972861360185,-1.6839117806509158,
,,,,,,,,,,,,,-1.1342571198497835,,-0.07418668604224475,2.081263351289189,
,,,,,,,,,,,,,2.088488066017513,,-0.06825383568566651,-0.9840146879434207,
,,,,,,,,,,,,,-2.753802760142646,,-0.07053390661555592,2.740075891390902,
,,,,,,,,,,,,,-1.4340139581443339,,-0.16090677685414,0.7036324399841879,
,,,,,,,,,,,,,3.2571181738403743,,0.13880915295346924,-0.18181995794610015,
,,,,,,,,,,,,,1.9438702837257347,,0.2002329202339427,2.7640389866868578,
,,,,,,,,,,,,,0.05174362967163347,,0.0318438159853397,0.08603829909795706,
,,,,,,,,,,,,,-0.7626065574745275,,-0.06809434385104601,1.040939570615494,
,,,,,,,,,,,,,-1.1070845147279043,,0.04108731179064564,-0.21199026137191476,
,,,,,,,,,,,,,1.0290717890098875,,0.05064880832717701,2.307564526561713,
,,,,,,,,,,,,,1.321760159525732,,0.21017125067247283,-1.0071493624437802,
,,,,,,,,,,,,,1.8413961735316076,,-0.03968617642390877,2.054821736706747,
,,,,,,,,,,,,,-2.2299412753968624,,-0.06592510068551098,1.4189284121468102,
,,,,,,,,,,,,,-0.7366902245706708,,-0.19863560643539438,-1.7243884888711798,
,,,,,,,,,,,,,0.7661582264194662,,0.0747730083806374,0.1534727043882102,
,,,,,,,,,,,,,-0.6059165480708537,,-0.18434974183602534,1.968299165844345,
,,,,,,,,,,,,,1.9546183196666083,,0.14066936410258346,-1.1291230868844697,
,,,,,,,,,,,,,4.1632162579584175,,0.1948796868742573,0.2963774837362171,
,,,,,,,,,,,,,-1.7221090046095109,,-0.12918847073329912,0.647749328994942,
,,,,,,,,,,,,,0.7755233827060988,,-0.11578177562635938,-0.5879279027468715,
,,,,,,,,,,,,,2.4605656706652654,,0.1060122941011017,-0.42366794219632486,
,,,,,,,,,,,,,0.7727199094158997,,-0.05508561225910673,0.3840776166983334,
,,,,,,,,,,,,,0.38070308022969007,,0.1078073079190528,2.758242204213338,
,,,,,,,,,,,,,1.8023308019697388,,0.015542726335166684,-1.2856182624809334,
,,,,,,,,,,,,,1.243871368772538,,0.27395021851565626,-1.0668859391891883,
,,,,,,,,,,,,,0.4152870748029908,,-0.004178135485274694,-1.2125415018800212,
,,,,,,,,,,,,,2.100568643406971,,0.12789185503761155,0.1308846772638882,
,,,,,,,,,,,,,-0.10395408202819267,,0.059476217822024766,1.6471185847603973,
,,,,,,,,,,,,,-1.1185466646543565,,-0.1175573229154271,-1.2522884011954363,
,,,,,,,,,,,,,-3.033372676435947,,-0.21837114808429006,-1.3708307539798934,
,,,,,,,,,,,,,1.0843093412035796,,0.10973108220292657,0.5158393316615715,
,,,,,,,,,,,,,1.0479037063638204,,-0.006261572672435067,-1.9212886317669777,
,,,,,,,,,,,,,2.249247405620328,,0.29825702885300487,0.5671308039164739,
,,,,,,,,,,,,,0.6996444728143137,,0.02043228148990678,-0.1954053919247758,
,,,,,,,,,,,,,-0.50656890411404,,0.004721442001454566,-2.8612161378545258,
,,,,,,,,,,,,,-1.4657533986201574,,-0.2612455352827395,-1.3971119149053706,
,,,,,,,,,,,,,-0.9178264379557943,,0.07221658356080171,-0.2545890337201467,
,,,,,,,,,,,,,1.1514129848347012,,-0.16408202628372082,-0.8119136483996208,
,,,,,,,,,,,,,-2.3422692613241876,,-0.08940860547765117,-1.4897519594630457,
,,,,,,,,,,,,,-1.1662499393772132,,-0.10535917005539444,1.4556777291333745,
,,,,,,,,,,,,,-2.2630830013183263,,-0.05193871032175179,2.708154129711313,
,,,,,,,,,,,,,-0.4555168743851387,,-0.05024403197347785,0.2341460534639024,
,,,,,,,,,,,,,1.3200577705197647,,0.06027268982083932,1.515676412432955,
,,,,,,,,,,,,,1.868408185324179,,0.23082165126527918,-3.8915121098228975,
,,,,,,,,,,,,,4.442316734230195,,0.19455647053168873,-0.8109102400188284,
,,,,,,,,,,,,,1.014629428794839,,-0.03312372285209699,-0.4779913094429112,
,,,,,,,,,,,,,1.2089866251267094,,0.21300326663790295,0.6763147518761079,
,,,,,,,,,,,,,1.3308168681388026,,-0.10897931525472722,-2.186674167976192,
,,,,,,,,,,,,,2.5782778315973696,,0.1389199813674078,-1.4788776363160936,
,,,,,,,,,,,,,1.564125558706931,,0.14944159447421917,0.19145138706626227,
,,,,,,,,,,,,,-2.994518622907145,,-0.12354326966545805,0.46233668526545435,
,,,,,,,,,,,,,-0.9048395657244855,,-0.051753476138077986,1.5263316079599811,
,,,,,,,,,,,,,1.0329318515922383,,0.1386693363667154,-1.0700311082346439,
,,,,,,,,,,,,,1.944337392025012,,0.26304799631710746,-1.5302029991542547,
,,,,,,,,,,,,,0.891515684627404,,0.07682363246162681,2.579214919372103,
,,,,,,,,,,,,,3.261378187787452,,0.12108861300592012,0.6509381719260122,
,,,,,,,,,,,,,1.135895212451509,,-0.030129660529264753,-1.2401029941094832,
,,,,,,,,,,,,,-0.2264671835065271,,-0.03523491101169372,-1.2492458929375065,
,,,,,,,,,,,,,5.151498265598015,,0.33807397116295407,-0.6885491620054064,
,,,,,,,,,,,,,1.418405278073514,,0.0763111748480489,1.4050316740076612,
,,,,,,,,,,,,,-0.8441594841681775,,0.13523930361110464,-1.0056656743025756,
,,,,,,,,,,,,,-0.8261400027496987,,-0.10598449280535911,-0.7608664134360498,
,,,,,,,,,,,,,-0.9814705442263421,,-0.0124696857467071,-1.543050929321219,
,,,,,,,,,,,,,-0.6274214020212463,,-0.11849335916708303,0.8852697870321709,
,,,,,,,,,,,,,-0.5118733951642616,,-0.017335914902099462,0.6555302306813624,
,,,,,,,,,,,,,1.59203656056986,,0.1398501670124754,-2.5206394990122742,
,,,,,,,,,,,,,0.6681873607598123,,0.06499910551701898,0.9022823575877036,
,,,,,,,,,,,,,1.2553530454475448,,-0.018952176056999323,1.9510857061318123,
,,,,,,,,,,,,,1.5760038306030377,,-0.09764073784346264,0.44580008793187686,
,,,,,,,,,,,,,2.6221033345951654,,-0.10389162841173652,-1.027774028763414,
,,,,,,,,,,,,,3.0469888294804797,,0.02496322228179489,0.3331520058488128,
,,,,,,,,,,,,,2.185416646138117,,-0.04562063555833442,-3.774003719750912,
,,,,,,,,,,,,,-2.4164626771926394,,-0.08648959984149747,-0.958888635864181,
,,,,,,,,,,,,,-1.8049320230523966,,-0.09723476237997479,2.2113447804490303,
,,,,,,,,,,,,,-0.5746286266907938,,-0.11242102774976923,2.3415734758859803,
,,,,,,,,,,,,,1.2417628021260267,,-0.04460387351755286,0.578036254191888,
,,,,,,,,,,,,,0.6106704148595573,,0.019675023173959444,1.703423450476955,
,,,,,,,,,,,,,-1.03337904719258,,0.09174688763844178,-1.045857023600444,
,,,,,,,,,,,,,1.41471180410051,,0.14288680578734594,0.7222026925677333,
,,,,,,,,,,,,,0.7307025702381169,,-0.03999404169704602,-1.0306894024355482,
,,,,,,,,,,,,,2.3367100820844584,,0.11103860871934164,1.4498206383099215,
,,,,,,,,,,,,,0.4651660030783391,,0.007303839343859979,-0.3653428034136025,
,,,,,,,,,,,,,0.2456416835119636,,0.0804542383279232,1.8434560544292276,
,,,,,,,,,,,,,-1.1467522219389494,,-0.08047985774911885,-1.0523173973214346,
,,,,,,,,,,,,,0.1122694540238102,,-0.14382177898876655,-1.1797682188603826,
,,,,,,,,,,,,,0.888231817754989,,-0.03045568574687332,-1.356306391634137,
,,,,,,,,,,,,,1.9848778642738185,,0.32842975365678356,-2.898321957380223,
,,,,,,,,,,,,,-0.9830051375344591,,-0.03577617789254465,1.3451454930045528,
,,,,,,,,,,,,,0.8307282120777256,,0.013834856951731677,1.1476269302974385,
,,,,,,,,,,,,,2.704112425219302,,0.01104770538224007,-1.850243980772335,
,,,,,,,,,,,,,2.5669444246495052,,0.2029672902646054,-0.5658823000580954,
,,,,,,,,,,,,,0.7310415101421187,,-0.0808368740163281,-3.111562778009692,
,,,,,,,,,,,,,-1.422554599140749,,-0.14234577760044814,-0.5423883261418804,
,,,,,,,,,,,,,-0.9546266304947651,,0.09271192304204581,-3.014682069611356,
,,,,,,,,,,,,,-2.0914117062377273,,-0.09935505118569188,0.3023065615381627,
,,,,,,,,,,,,,2.418136999371255,,0.085998731716017,-0.5656983155699836,
,,,,,,,,,,,,,-0.7301142985371675,,-0.041186720916726816,-0.9128533655323587,
,,,,,,,,,,,,,0.41592065989393334,,0.04400985472424008,-2.3775816430299774,
,,,,,,,,,,,,,2.847972563624863,,0.10904832050104978,1.556364129997713,
,,,,,,,,,,,,,0.452322087660888,,0.05179422602838592,0.006193765890563761,
,,,,,,,,,,,,,0.2722057570157725,,0.04761061079471409,0.4968774019420964,
,,,,,,,,,,,,,0.9389124781899699,,0.1900346572036853,2.706721137168144,
,,,,,,,,,,,,,1.7025368364197415,,0.005739586294823426,0.06493998048934921,
,,,,,,,,,,,,,-3.319201225300711,,-0.15655991482770523,-0.08536353598336013,
,,,,,,,,,,,,,-0.8145720361680369,,-0.2040421912516754,1.4414690678961843,
,,,,,,,,,,,,,1.5114419543105082,,0.11676265032366166,-1.5859548372186552,
,,,,,,,,,,,,,-1.7068335223928683,,-0.02864212846279851,1.506916909089942,
,,,,,,,,,,,,,0.4804777004982367,,-0.04637556627404418,2.114211646054377,
,,,,,,,,,,,,,1.8113840168243032,,0.09702691909587026,-0.14193793281170664,
,,,,,,,,,,,,,2.0187431974108443,,0.07507467985191754,-1.3016555234062506,
,,,,,,,,,,,,,2.5407431947751835,,0.10131329638536864,1.7601967246919366,
,,,,,,,,,,,,,-4.079736454397489,,-0.08783697497103181,-1.4145380333003048,
,,,,,,,,,,,,,-0.6132789171132602,,-0.04592290674538619,-0.567842272334473,
,,,,,,,,,,,,,1.02801597369025,,0.06321570892303001,1.0901929678092834,
,,,,,,,,,,,,,1.2504441311584833,,-0.019813468786335973,1.335414059247965,
,,,,,,,,,,,,,-0.8014910739212099,,0.06355865611977116,-0.4755827451225875,
,,,,,,,,,,,,,-1.4529531454577351,,-0.1011010124133005,-1.1908466355326857,
,,,,,,,,,,,,,3.81866465369613,,0.28464613724336,0.043448475491930934,
,,,,,,,,,,,,,3.876261523169634,,0.22400018238374791,-2.8803858048468522,
,,,,,,,,,,,,,1.894777076606678,,-0.011727941338138526,-1.0150915596300838,
,,,,,,,,,,,,,0.6791757183322724,,0.03368697794650394,0.6771723825025308,
,,,,,,,,,,,,,1.3019124466119703,,0.05907088820483543,0.33733611126809016,
,,,,,,,,,,,,,4.227969872354326,,0.30397980993126245,-1.1294188953469508,
,,,,,,,,,,,,,2.0310865361271024,,-0.024789144022904615,1.272251505585584,
,,,,,,,,,,,,,-0.845010323982735,,-0.06535968701191865,-2.219700857414433,
,,,,,,,,,,,,,0.5597006393083964,,0.011471533813114136,-0.456778518481584,
,,,,,,,,,,,,,1.1588772373925107,,0.00804517229875933,0.5105106331577038,
,,,,,,,,,,,,,3.4973867120992637,,0.02161064730007893,-0.9474427914120268,
,,,,,,,,,,,,,2.9284879178938676,,-0.009689359960331543,-2.0969929815008475,
,,,,,,,,,,,,,0.2332760329746397,,-0.02415824974213496,2.3541915864721936,
,,,,,,,,,,,,,-2.2003363835902334,,-0.18875160689683743,0.5209519511142738,
,,,,,,,,,,,,,-1.027909924315808,,-0.1039482474914582,-0.1875988391710833,
,,,,,,,,,,,,,2.107777294578954,,0.003916428248344293,0.744753106104566,
,,,,,,,,,,,,,0.7768820516771631,,-0.056169540054566224,1.2947591257983087,
,,,,,,,,,,,,,-0.9622220241158191,,-0.00806959173929438,1.6129663679038757,
,,,,,,,,,,,,,0.43977072057459143,,0.16774559056197735,1.786595598268766,
,,,,,,,,,,,,,1.4182852855887202,,0.05690801828487269,0.12387172949514885,
,,,,,,,,,,,,,-1.634283050376373,,-0.09058090079713116,-2.2479405885401036,
,,,,,,,,,,,,,-0.97391193427239,,-0.026316231664135492,-4.018042817197977,
,,,,,,,,,,,,,1.2599078263036498,,0.09191388114566812,-0.6542143603005087,
,,,,,,,,,,,,,1.904381732292121,,0.11271360572132402,-0.043851489784198616,
,,,,,,,,,,,,,-0.7563198834212794,,-0.01975527243898621,-2.37566702192288,
,,,,,,,,,,,,,-0.45247784831761645,,-0.03804743345259923,0.3383343587023279,
,,,,,,,,,,,,,3.2542195088198693,,0.223756704808294,1.4868295823217113,
,,,,,,,,,,,,,3.546411261245404,,0.06224948756520667,1.5591760582880496,
,,,,,,,,,,,,,2.5185502841704253,,-0.006658962783736731,-0.6657901920206545,
,,,,,,,,,,,,,0.2240319038911447,,-0.036921239162468984,1.3648091654130505,
,,,,,,,,,,,,,1.5072807243524438,,0.16030315748807045,-0.8472933259560065,
,,,,,,,,,,,,,-1.0196692765884183,,-0.051907308681160155,0.6167074306324474,
,,,,,,,,,,,,,-1.0658350747284877,,-0.0785914179447467,1.0844185015827796,
,,,,,,,,,,,,,-2.7883804159122243,,-0.16977404547625802,1.22061320406761,
,,,,,,,,,,,,,0.6135046269247195,,-0.027017506527280064,-1.21422406145198,
,,,,,,,,,,,,,-1.656145451182522,,-0.14622474038933586,0.18124120045134168,
,,,,,,,,,,,,,-2.3879959338053123,,-0.11674266325531503,1.0986589960977313,
,,,,,,,,,,,,,1.2776405105030089,,-0.027970941733496332,0.24420586822278484,
,,,,,,,,,,,,,1.8595413519885242,,0.13779302250215245,-2.7500448616374036,
,,,,,,,,,,,,,0.6175851765127169,,0.0031210071182922066,1.1713549764320548,
,,,,,,,,,,,,,2.262685746755831,,0.20327150804833635,-0.07997953498795338,
,,,,,,,,,,,,,-2.1773545022754486,,-0.19741589039015744,-1.5446498158335868,
,,,,,,,,,,,,,-1.1154183069165327,,-0.039556368483585534,-1.387141434770175,
,,,,,,,,,,,,,-0.6178585103973001,,-0.025513211649040322,-0.39446591960190297,
,,,,,,,,,,,,,-0.8465283824062261,,0.10856986396338994,-0.43781999577913494,
,,,,,,,,,,,,,1.0125300540366244,,0.12912383150657297,-0.5775011102744382,
,,,,,,,,,,,,,-1.9072815093543354,,-0.030848142737525373,0.6793157163630982,
,,,,,,,,,,,,,1.5721292638827176,,0.08526743344436089,0.9960773683163598,
,,,,,,,,,,,,,0.44249995217962085,,0.0080154232595779,0.8267106789637753,
,,,,,,,,,,,,,0.8889265360374372,,-0.024127061803145427,0.627959489506002,
,,,,,,,,,,,,,-0.7016309449775354,,-0.0899605998789802,1.4951043326805409,
,,,,,,,,,,,,,2.7583756629235894,,0.19212639019350936,-1.4786015225106477,
,,,,,,,,,,,,,1.2336594577898843,,0.02773434194641054,0.6415598445480023,
,,,,,,,,,,,,,-1.505126378969606,,-0.06207787668392949,-1.8018452470840551,
,,,,,,,,,,,,,-0.2755249010732074,,0.0719996268265375,3.1524172222371294,
,,,,,,,,,,,,,1.7912972592244816,,0.04847992225754149,0.08413364220441215,
,,,,,,,,,,,,,2.612685225257763,,-0.011790841375258713,0.0426208888022681,
,,,,,,,,,,,,,-0.5263611342429414,,-0.020629011849521567,-0.48671563055929556,
,,,,,,,,,,,,,-0.687929673712447,,-0.026571481767519504,-0.03757061242176412,
,,,,,,,,,,,,,3.9388361736875637,,0.24364750559950912,0.8684389850912236,
,,,,,,,,,,,,,0.8900607509764695,,-0.06978249590462017,0.28317295037597506,
,,,,,,,,,,,,,-1.8738618464320944,,-0.024726472492563517,0.32168004684552925,
,,,,,,,,,,,,,-1.1260744140476733,,-0.10029997444273281,0.1747175965960486,
,,,,,,,,,,,,,1.398457238198659,,-0.06105160941459285,-0.8183815345653909,
,,,,,,,,,,,,,1.0671328404410951,,0.029935476083653205,0.8716376743740674,
,,,,,,,,,,,,,2.5706864699127414,,0.1244422566993156,-3.7796814327888573,
,,,,,,,,,,,,,0.9987645283267932,,0.09870964449206124,0.3331183683953326,
,,,,,,,,,,,,,0.8495984306752995,,-0.19063383115838312,-0.48475786380761765,
,,,,,,,,,,,,,1.5819827608908998,,0.17063170629566282,0.6286770350188753,
,,,,,,,,,,,,,-0.9042296918305861,,0.009768095192629065,1.8941750970531899,
,,,,,,,,,,,,,-0.2525061843761877,,0.03400433381690156,-1.337840663996302,
,,,,,,,,,,,,,2.3174831180673947,,0.2536558644523919,-3.5597440735589605,
,,,,,,,,,,,,,-0.9476766498627694,,-0.021507386941101495,3.0285960054757517,
,,,,,,,,,,,,,-1.2243838381139003,,-0.07882887308972514,-1.0484529498250297,
,,,,,,,,,,,,,1.1820878432631745,,0.0643173715547726,-1.5367136022187662,
,,,,,,,,,,,,,1.2222998852348048,,0.047953785681855,3.6898393241518535,
,,,,,,,,,,,,,-1.2323374537603076,,-0.06318835582756384,0.45455209773664296,
,,,,,,,,,,,,,0.228037896452961,,0.07496080675258315,0.730992218898295,
,,,,,,,,,,,,,0.6902667771343858,,0.0009152893637976618,0.793082332413407,
,,,,,,,,,,,,,-0.9017220083099645,,0.02625638656261233,2.301272840024844,
,,,,,,,,,,,,,0.15805032556100357,,0.08551777799365141,1.0324782763259048,
,,,,,,,,,,,,,3.3616344945259824,,0.21851811147920974,1.0104141451625528,
,,,,,,,,,,,,,0.78647996933532,,0.09784836584805584,-2.6184655915884054,
,,,,,,,,,,,,,1.0481820069151935,,-0.0899033820987695,-0.3026304211289928,
,,,,,,,,,,,,,1.6307871663897582,,0.057026965182658124,-0.4480788555623216,
,,,,,,,,,,,,,0.6062291813470564,,0.0510151847362301,-2.15868039525671,
,,,,,,,,,,,,,1.7787146585722038,,0.14637744775526018,0.15147441989084384,
,,,,,,,,,,,,,0.30477361666690866,,0.11996824246427923,2.026450622466038,
,,,,,,,,,,,,,-1.3181012668440886,,-0.2149614722355482,2.0892752015658274,
,,,,,,,,,,,,,1.7138740736157883,,0.23723211605856293,-0.11764786633359547,
,,,,,,,,,,,,,1.2012517868056096,,0.0629033377698096,-2.33101229449378,
,,,,,,,,,,,,,1.5004238035099466,,0.013237699307669779,1.526647863255317,
,,,,,,,,,,,,,1.903149993258108,,0.13211446877870742,0.9114321070274476,
,,,,,,,,,,,,,3.3859489957992053,,0.05092672308814923,0.3599472639512105,
,,,,,,,,,,,,,-1.4872733009498385,,-0.14399797550321322,-0.8939819492626467,
,,,,,,,,,,,,,3.4779867061383256,,0.059347269483803124,-0.4483607529426553,
,,,,,,,,,,,,,-0.11122263750145135,,-0.17970730186740555,-4.009401557538521,
,,,,,,,,,,,,,1.3601394454729172,,-0.021788169693828352,-0.336310712020318,
,,,,,,,,,,,,,0.5985851049020189,,-0.03480435621427591,-1.7497156519684827,
,,,,,,,,,,,,,1.5929583968681196,,0.3628384089398462,-1.699232121594931,
,,,,,,,,,,,,,-1.9129553512838942,,-0.19456554766421236,-1.5979532031989516,
,,,,,,,,,,,,,0.6161890683555346,,0.021531301370002014,-0.8159701186712965,
,,,,,,,,,,,,,-1.0311334580953702,,-0.12664459217779164,0.19374671374480526,
,,,,,,,,,,,,,2.1623786421543927,,0.06457880347086276,-1.8446374790147166,
,,,,,,,,,,,,,-0.476725224297359,,-0.1037085011675772,-1.1498600021211818,
,,,,,,,,,,,,,1.8579817231879021,,-0.17157711938784156,-1.6362866749202212,
,,,,,,,,,,,,,1.09338003750888,,0.030394099976752516,-2.190043928019054,
,,,,,,,,,,,,,0.6995228234577024,,0.02532039989711618,-0.2320461490939967,
,,,,,,,,,,,,,1.979035334748405,,0.04959500332636389,-1.4684469119123666,
,,,,,,,,,,,,,0.7536114694656327,,-0.08785128696007388,0.8437370305962918,
,,,,,,,,,,,,,-1.1349491390334685,,0.059801554461402305,-1.5459803756462576,
,,,,,,,,,,,,,-0.5886049935231868,,-0.039100449064772266,-0.21571516356134074,
,,,,,,,,,,,,,4.6974705989705505,,0.22229472630412767,0.6259041006155663,
,,,,,,,,,,,,,0.1934191858971934,,0.056915817825075446,0.9982637013106322,
,,,,,,,,,,,,,1.1348742003245935,,0.14213717338648943,1.6550178572375716,
,,,,,,,,,,,,,2.66526051826636,,0.11472194046730222,-0.3097124841132904,
,,,,,,,,,,,,,-2.488925727997447,,-0.1993019977905868,1.0515636687651404,
,,,,,,,,,,,,,1.9506248151367738,,0.09381074028890447,1.453184253641559,
,,,,,,,,,,,,,4.294863807945543,,0.1492707880105845,-0.8516766445162586,
,,,,,,,,,,,,,2.464752886050037,,0.16725007851702753,-0.16625736944406902,
,,,,,,,,,,,,,-1.734496891398175,,-0.0935273000466842,0.968794960297417,
,,,,,,,,,,,,,-2.110308811947176,,-0.11508618275160183,-0.15021772150833315,
,,,,,,,,,,,,,0.8865513654164983,,0.09606180927956762,1.1606343363159732,
,,,,,,,,,,,,,-1.6611091928394317,,-0.10591436084011484,0.7753138309911816,
,,,,,,,,,,,,,-2.6945339752639845,,-0.2557902882955021,2.5067333404604115,
,,,,,,,,,,,,,2.642646115828942,,0.20158632069080384,-0.7816703236805989,
,,,,,,,,,,,,,3.134250701306849,,0.18279372376850883,-2.1298988296497177,
,,,,,,,,,,,,,-0.7592342800929122,,-0.005154659062073806,1.057373256788907,
,,,,,,,,,,,,,2.067931303034271,,0.012986726582762839,-1.3742256878664636,
,,,,,,,,,,,,,0.3551376657402409,,-0.006825186427488315,-1.4391595358190021,
,,,,,,,,,,,,,0.2922456829816487,,-0.11336222139328092,-0.31699567172874804,
,,,,,,,,,,,,,1.730073310740149,,0.17204047836175396,0.19215076539044718,
,,,,,,,,,,,,,-0.8826813644796759,,-0.018670942547781472,1.1930356177111612,
,,,,,,,,,,,,,0.44787175652146455,,0.05975829837562269,1.3741548689413496,
,,,,,,,,,,,,,0.034768479073046754,,0.054383387711850854,-1.061205459374751,
,,,,,,,,,,,,,0.11534116168665139,,0.07787162570797208,0.5906938855713484,
,,,,,,,,,,,,,4.243211393370472,,0.35200915820692763,-0.2128920517475803,
,,,,,,,,,,,,,0.161281251244351,,-0.024587565514410038,-1.5961541222336482,
,,,,,,,,,,,,,-2.228017258887798,,-0.07389156208363257,-1.089003499650474,
,,,,,,,,,,,,,0.7378710171811586,,0.16484531497378765,0.3716796916330576,
,,,,,,,,,,,,,2.4559450681184334,,0.005013674169451615,-2.403132671737321,
,,,,,,,,,,,,,0.663082259354349,,0.04179521281949901,-1.8368193225495872,
,,,,,,,,,,,,,0.7609884590936441,,0.04594654061937652,-0.8551292149541588,
,,,,,,,,,,,,,2.343536171523824,,0.09137500680986245,1.3788113310666168,
,,,,,,,,,,,,,-2.0161907220115323,,-0.05428709174441816,-0.31056928148568286,
,,,,,,,,,,,,,0.7193221892389842,,0.1016565965076099,-1.7603583316113505,
,,,,,,,,,,,,,1.8085045445560477,,0.1685997273230013,-0.939556041358861,
,,,,,,,,,,,,,0.6691426008778166,,-0.030429362125062885,0.4190711579117631,
,,,,,,,,,,,,,-1.5193386189623188,,-0.22220099551578357,-1.058661770519158,
,,,,,,,,,,,,,-0.3800356463709673,,0.05926095497758447,1.108321125842498,
,,,,,,,,,,,,,-3.2109547049518046,,-0.20161142717707128,-2.3192658494242995,
,,,,,,,,,,,,,-1.3676298998760277,,-0.14742946149904604,-1.3450574061811917,
,,,,,,,,,,,,,3.692909695071862,,0.3550806774180165,-1.267317199379499,
,,,,,,,,,,,,,2.3011966632876817,,0.08286054186987643,-1.4627290624461178,
,,,,,,,,,,,,,1.5977729425086493,,-0.10902541267065297,-1.7270647978291416,
,,,,,,,,,,,,,1.1965745528262648,,0.20135500675970203,-2.1387816967842745,
,,,,,,,,,,,,,0.7770365077523126,,-0.0239493894571742,1.0036468539772532,
,,,,,,,,,,,,,2.2602581857911326,,0.2295799549751564,2.423327075186658,
,,,,,,,,,,,,,2.7425599208890405,,-0.034533234258843665,-0.9954269126019861,
,,,,,,,,,,,,,-0.4176277473484269,,0.00257540745939439,-0.4246219895360359,
,,,,,,,,,,,,,3.418874106590382,,0.17634645076176095,-3.83561924772012,
,,,,,,,,,,,,,-0.8369907251124518,,0.05168936536219481,0.216203857704473,
,,,,,,,,,,,,,0.5799763276427161,,0.07222970064009762,-1.0620004171983943,
,,,,,,,,,,,,,-1.8209630505221996,,-0.19933973990284284,-0.9910156146030002,
,,,,,,,,,,,,,2.158101710041305,,0.1853472124179605,-0.9788401801024597,
,,,,,,,,,,,,,0.08746671427766782,,-0.04901161447494141,1.169201463211784,
,,,,,,,,,,,,,2.9531328162251103,,0.01250531592167473,0.8001882181412101,
,,,,,,,,,,,,,3.0474665188852237,,0.2626048929378007,0.8575034603553325,
,,,,,,,,,,,,,-1.320537346241099,,0.0292696567142667,-0.9760388366550211,
,,,,,,,,,,,,,-0.6049087126653487,,0.009275433537738407,-1.3361237978213547,
,,,,,,,,,,,,,0.652204561748612,,0.08311902624029124,0.62551300446804,
,,,,,,,,,,,,,0.1496250367521725,,0.10715013132513203,-1.6077700435408142,
,,,,,,,,,,,,,-1.0870731333408499,,-0.05699241970880398,-0.20491490036059168,
,,,,,,,,,,,,,0.2017253549725835,,0.08387468947830118,1.6966244105434174,
,,,,,,,,,,,,,0.9402515499013123,,0.059884666188660375,-0.3070029127343925,
,,,,,,,,,,,,,1.27312671204447,,0.051849066742670875,-1.29116447459845,
,,,,,,,,,,,,,-3.216166871364691,,-0.29958925064484,-1.2622979672925225,
,,,,,,,,,,,,,-0.39209338969027824,,-0.09179633741019487,-2.7747129187592905,
,,,,,,,,,,,,,0.03206925082060294,,-0.0664469581312329,-0.7077765802049288,
,,,,,,,,,,,,,0.3601049264613583,,-0.1569970247836434,-0.058076380268138716,
,,,,,,,,,,,,,1.1356003482120518,,0.06795776186948241,0.2669004330406983,
,,,,,,,,,,,,,2.0396892319253297,,0.24808167834530698,0.2909253436062042,
,,,,,,,,,,,,,3.256124597534761,,0.11654772948663376,-2.9305237964290884,
,,,,,,,,,,,,,0.06031800317605431,,0.010163667426532456,-0.22351076335004652,
,,,,,,,,,,,,,1.0373623117469115,,-0.08987152031430584,-0.035243428279001676,
,,,,,,,,,,,,,1.5009234761216599,,0.1734300543947186,0.31655613879493966,
,,,,,,,,,,,,,0.7626733072845447,,0.11897747430279797,-1.4735437496618609,
,,,,,,,,,,,,,-0.9311992906594293,,-0.05928000942531494,0.7917982585147937,
,,,,,,,,,,,,,-1.0564008034402763,,-0.015457559339554427,-0.3568475539989032,
,,,,,,,,,,,,,0.3200073694480015,,-0.008034944735365649,-0.27312808576832004,
,,,,,,,,,,,,,-2.076536899530997,,-0.09466901692121385,1.511223290245385,
,,,,,,,,,,,,,-1.2026293593700854,,-0.07038557318482053,-0.5968060591243883,
,,,,,,,,,,,,,1.5715673173640472,,0.23275232397143303,0.6125960610951763,
,,,,,,,,,,,,,1.8957439174060677,,0.07939422982477254,-0.44233290314658047,
,,,,,,,,,,,,,-0.9465796794735323,,-0.09516738646397896,0.08767349098471124,
,,,,,,,,,,,,,-2.1901351791000367,,-0.2345260965891522,1.4686709174353803,
,,,,,,,,,,,,,1.1127666577238042,,0.014573882710677864,-2.8410311282567724,
,,,,,,,,,,,,,2.6473301613567495,,0.13298851127504865,-0.07906193022239902,
,,,,,,,,,,,,,1.16573851103206,,0.03948728599268519,-0.5544931682090666,
,,,,,,,,,,,,,0.6338715152014864,,0.10134943426021205,-2.580811390207773,
,,,,,,,,,,,,,-1.5831423262324358,,-0.046217463483029665,-2.3938997069885994,
,,,,,,,,,,,,,1.2513450065800573,,0.17708598825655045,2.077305272722172,
,,,,,,,,,,,,,-1.0744828273009939,,0.005506451730214177,-0.20878425115000462,
,,,,,,,,,,,,,1.8785277766644128,,0.11889827994529166,-1.0900776351049686,
,,,,,,,,,,,,,0.4836845523674116,,-0.024562931668174345,1.1762639320811328,
,,,,,,,,,,,,,0.7171898477642642,,0.18212208133675908,1.1583339367658054,
,,,,,,,,,,,,,1.7409101408711005,,0.18334744100288056,1.6150941384313124,
,,,,,,,,,,,,,0.4371828166434496,,0.08115698067874373,-3.0097044002396705,
,,,,,,,,,,,,,0.34434228703606745,,0.09755893169086115,-1.6561885208107587,
,,,,,,,,,,,,,2.009393514849276,,0.12295735482294112,1.1476564458980114,
,,,,,,,,,,,,,2.8266624837254275,,0.16264820046660527,1.1713197752735924,
,,,,,,,,,,,,,1.5583266267212186,,0.13160535367137804,-0.7488369172582375,
,,,,,,,,,,,,,0.5096257019305456,,0.015405995279384787,0.9651361017425882,
,,,,,,,,,,,,,0.38379359507992394,,-0.035079004301525954,-2.287913885318976,
,,,,,,,,,,,,,1.2560703598933902,,0.09564932829581861,-0.12835617537903776,
,,,,,,,,,,,,,2.447021733652241,,0.28724274680917505,0.823614423969689,
,,,,,,,,,,,,,0.514169397524742,,-0.00855847257869984,0.5106733776916224,
,,,,,,,,,,,,,2.2097840729735183,,0.1100973077278085,0.02551240796860452,
,,,,,,,,,,,,,3.8136032597326115,,0.2569096778048899,0.10666435740258678,
,,,,,,,,,,,,,0.2433067426263816,,0.10316343778916326,0.2852551068382121,
,,,,,,,,,,,,,0.3969317864483305,,-0.02463552014019273,0.1033228594504932,
,,,,,,,,,,,,,1.9792671530438757,,0.0354812239108789,-1.6606164563568835,
,,,,,,,,,,,,,0.9002438308881746,,0.04210133914536607,-1.4730133847984614,
,,,,,,,,,,,,,1.9389720441193947,,-0.032529093170970566,-1.3776499278959815,
,,,,,,,,,,,,,2.0407677033836165,,0.17616922765718335,-2.3820871609654355,
,,,,,,,,,,,,,-0.9163636540975348,,-0.18604111425234252,-2.664692719481035,
,,,,,,,,,,,,,-0.39098002155241146,,0.1469878030835856,1.2673232999878372,
,,,,,,,,,,,,,1.1577232734264493,,0.13172300741615395,-0.68364267460955,
,,,,,,,,,,,,,-0.1169747980660498,,-0.04432019474197903,-0.5604712001642417,
,,,,,,,,,,,,,-1.2292718686701116,,-0.09189255457301786,1.2888895293767693,
,,,,,,,,,,,,,0.2789836925960479,,0.0063301012914562405,-1.569073775633999,
,,,,,,,,,,,,,-2.060242613830089,,-0.2222999875434945,-2.042990305351975,
,,,,,,,,,,,,,0.71568217372103,,0.13722470585207466,0.512884356583257,
,,,,,,,,,,,,,-0.7820300988179215,,-0.027712984624031434,2.086971511956886,
,,,,,,,,,,,,,2.1989284688076514,,0.09911242237105565,-0.1728922197219578,
,,,,,,,,,,,,,1.064449483345238,,0.11910871306185727,0.6986431410302665,
,,,,,,,,,,,,,0.29902576814675835,,-0.05455051928388929,-1.9585544626561413,
,,,,,,,,,,,,,-1.021198208457664,,-0.0941337318529969,0.2989765191324424,
,,,,,,,,,,,,,0.5795358060500785,,0.10151910366159768,0.7539079128781012,
,,,,,,,,,,,,,-0.18153955925631043,,0.03569603237801619,-0.9278529163786844,
,,,,,,,,,,,,,3.344406652342635,,0.16544637699128245,0.6458916481153785,
,,,,,,,,,,,,,-2.7647693702091316,,-0.22838224374163849,0.5057113282391061,
,,,,,,,,,,,,,-0.41996115681791607,,-0.04988858393971441,0.5982107956763673,
,,,,,,,,,,,,,0.8675440377058216,,-0.03106300674255968,2.512808369819007,
,,,,,,,,,,,,,-0.9252540391935011,,-0.0161197579520054,-0.18752802027574966,
,,,,,,,,,,,,,-0.5524483763165249,,0.06850230550386228,-0.5419659908292884,
,,,,,,,,,,,,,0.7222942155334261,,0.019245209991622325,-0.41656393017560156,
,,,,,,,,,,,,,1.480947297404647,,0.070051659400758,1.0867975890052903,
,,,,,,,,,,,,,2.1658374120752497,,0.07414042458965568,-0.6024004072928864,
,,,,,,,,,,,,,-1.1669812318675519,,-0.048757246728631305,0.34457200679728917,
,,,,,,,,,,,,,-0.8841439420293943,,-0.06511557138416542,-2.8687279169730777,
,,,,,,,,,,,,,-1.242793626482068,,-0.12637543922422836,-2.467663308800114,
,,,,,,,,,,,,,-0.6112973803715428,,-0.050017588226994515,-1.9866881602697322,
,,,,,,,,,,,,,1.2659374743562537,,0.03343528730244805,-0.8012725491448792,
,,,,,,,,,,,,,0.35954584732359096,,0.0779442554211479,-3.051221445721256,
,,,,,,,,,,,,,0.956395726843918,,0.10268106947494939,1.1240859039455082,
,,,,,,,,,,,,,0.7502275881632317,,0.03337742101659302,0.13725512360365477,
,,,,,,,,,,,,,-1.1769878739556892,,-0.07769192792876455,-0.4418154208448597,
,,,,,,,,,,,,,0.6516841225091142,,-0.06002761129833113,1.367079494779509,
,,,,,,,,,,,,,-0.14694516594775084,,0.15993666875491572,0.15259531836406584,
,,,,,,,,,,,,,-0.9057531939599925,,-0.16307650883998517,-2.487873686395994,
,,,,,,,,,,,,,1.4185163125825846,,0.06317698611467376,0.617823712278224,
,,,,,,,,,,,,,2.696477542818303,,0.2879189770530342,1.0900946530658828,
,,,,,,,,,,,,,1.1171466158850005,,-0.018898309274094607,-0.43051063419863084,
,,,,,,,,,,,,,0.5048680337691857,,0.10988182652484221,0.8368461456365272,
,,,,,,,,,,,,,-1.452713766992912,,-0.019272256302932746,-1.226138954174246,
,,,,,,,,,,,,,-0.3915469347032926,,0.06623526682178994,-0.41583826549956093,
,,,,,,,,,,,,,1.7266349177957068,,-0.005704200653772315,-0.6190166138774678,
,,,,,,,,,,,,,0.8022758471099501,,-0.039417457942023865,0.24590456615603337,
,,,,,,,,,,,,,0.7750657559932715,,-0.005972293202805075,-2.7252268222233123,
,,,,,,,,,,,,,1.7107672532004776,,0.23449329501902957,0.09527606359378492,
,,,,,,,,,,,,,0.4613004593288185,,-0.062090044845660726,-1.3823073299712743,
,,,,,,,,,,,,,0.3584283754025852,,-0.04814803225678122,0.04434507519679903,
,,,,,,,,,,,,,1.2482296274589963,,0.024018560824582664,0.16630498386720594,
,,,,,,,,,,,,,0.5169871121560933,,-0.05998307125983005,1.7956510055726322,
,,,,,,,,,,,,,1.5801071402561289,,0.12199754999549901,1.657564659547063,
,,,,,,,,,,,,,2.145388302601743,,-0.015101205069412545,0.3940380805166168,
,,,,,,,,,,,,,1.937200973253806,,0.10547563206545126,-0.741200033166329,
,,,,,,,,,,,,,1.5844921910230527,,0.028244626631723627,0.4096459920403803,
,,,,,,,,,,,,,0.9920919046419507,,0.03633071294682403,0.4865039524712656,
,,,,,,,,,,,,,3.400358251618906,,0.10466301615849846,2.4055478276892757,
,,,,,,,,,,,,,0.941760778644264,,0.1096373207269768,-0.15693959910021285,
,,,,,,,,,,,,,0.23280269140215817,,0.020916325737200144,0.8663139755754599,
,,,,,,,,,,,,,0.809341186155871,,0.10971265605767666,0.9747684220729363,
,,,,,,,,,,,,,1.0873434900684553,,0.10949900700995654,1.4441381847764128,
,,,,,,,,,,,,,0.49123888923633996,,-0.08950659175368067,0.6663725272005225,
,,,,,,,,,,,,,-1.775548292816321,,-0.13874527521173666,0.5787115182722291,
,,,,,,,,,,,,,1.4454318658866039,,0.07289858259577066,1.8142365894572543,
,,,,,,,,,,,,,0.477510488824716,,0.06007415715178483,2.169223209278899,
,,,,,,,,,,,,,-0.46650249202468075,,0.017260645571904976,-0.7059917311687919,
,,,,,,,,,,,,,3.146846876921004,,0.2473387504318765,-1.2807530577935669,
,,,,,,,,,,,,,-0.9936248298252177,,-0.054593456648259944,1.5615663237494959,
,,,,,,,,,,,,,2.3229052294277044,,0.12212313853440036,-1.4365395866539754,
,,,,,,,,,,,,,1.706221877888858,,0.15887992235428167,1.7334965143522967,
,,,,,,,,,,,,,2.183705468916945,,0.07529532073617883,0.26774060996045523,
,,,,,,,,,,,,,-0.7751539625515739,,0.08469547352012652,-0.8650343262765048,
,,,,,,,,,,,,,2.4467746252717975,,0.14886583337649958,-0.28059124445522016,
,,,,,,,,,,,,,0.3761731436547244,,-0.10580599046004473,1.4808693353897682,
,,,,,,,,,,,,,-0.4312620409565092,,0.14100633970410323,-0.5918900582186417,
,,,,,,,,,,,,,0.6502398482316678,,0.07269911835717842,0.07663287560841314,
,,,,,,,,,,,,,0.8097409662564495,,-0.19411255538265346,-2.851106086394625,
,,,,,,,,,,,,,1.6511419156491356,,0.08176852559632751,1.935844131724504,
,,,,,,,,,,,,,0.4700406987436529,,-0.004450228733578725,0.8112880215193958,
,,,,,,,,,,,,,0.8700683601902806,,-0.11909430301157611,-0.7344386406425213,
,,,,,,,,,,,,,0.33015552424636674,,-0.06330161024441561,-0.6187143522126086,
,,,,,,,,,,,,,1.6197183459701445,,0.06313159673063419,0.8469349062820745,
,,,,,,,,,,,,,2.3918821195664606,,0.23257014013161484,3.39708321546559,
,,,,,,,,,,,,,-1.8151445219088977,,-0.044763291497206224,-1.9855271838722157,
,,,,,,,,,,,,,1.246024746167436,,0.03863327936158218,-1.9479775275834088,
,,,,,,,,,,,,,-0.607066695322554,,-0.15801920732965358,-0.8761064736810892,
,,,,,,,,,,,,,1.3873001229863737,,0.07412525786811561,0.17007171087408354,
,,,,,,,,,,,,,1.1901868215567664,,-0.027530288314740227,0.5506158535144704,
,,,,,,,,,,,,,3.299381791095998,,0.2693127762653309,-0.773919857820791,
,,,,,,,,,,,,,0.7999879928856857,,0.07683714195447419,-0.6247632845270206,
,,,,,,,,,,,,,-2.323777703701422,,-0.18523553980104093,-1.5002419385210266,
,,,,,,,,,,,,,0.6287966783609397,,0.12436579991085499,-0.3423560876727906,
,,,,,,,,,,,,,1.1544181098373776,,0.011483986616581947,-2.7268243094158966,
,,,,,,,,,,,,,6.050979209222961,,0.17144883192579527,-0.7016951240098156,
,,,,,,,,,,,,,-2.791801035966088,,-0.1916680542187351,-1.6055122692042112,
,,,,,,,,,,,,,2.2199186740694117,,-0.26670143654810685,3.288900256311104,
,,,,,,,,,,,,,0.5712125451480647,,0.11643054989352289,-4.27629373863285,
,,,,,,,,,,,,,-1.0696687711480222,,-0.12569133678844885,-0.10257914040481071,
,,,,,,,,,,,,,-0.6428697989005916,,-0.050585841363403654,0.6926437456279739,
,,,,,,,,,,,,,0.7297009860269428,,0.16226636412014306,-0.023970433491311966,
,,,,,,,,,,,,,-0.7045215293516435,,-0.13327892411298073,-0.39058780758036993,
,,,,,,,,,,,,,-2.8422983215665814,,-0.20404226741212408,1.2698024118112037,
,,,,,,,,,,,,,3.9128112287926213,,0.19281345269840933,-0.12046869308752298,
,,,,,,,,,,,,,2.9434819813412307,,0.18120862903602394,-0.949264123892564,
,,,,,,,,,,,,,0.5662591037556138,,-0.05915363871586436,-1.4421540964507862,
,,,,,,,,,,,,,0.8065456706606516,,-0.08349361308362363,2.1766203547606455,
,,,,,,,,,,,,,0.323228438116939,,0.11727888251799312,0.06408769758808233,
,,,,,,,,,,,,,-1.6528304200264978,,-0.09800254990447263,-1.3234199059922958,
,,,,,,,,,,,,,-0.8411910218807755,,-0.09067899507632168,0.8410771173215152,
,,,,,,,,,,,,,0.937613495968972,,0.26850857165713915,-0.9806393979044058,
,,,,,,,,,,,,,2.2447655810219875,,0.16455018295490598,-1.106026605300189,
,,,,,,,,,,,,,-0.6614733255988481,,-0.023146522538199342,-1.8923622240018303,
,,,,,,,,,,,,,3.270732683161276,,0.1301170135373521,-0.04006051933675205,
,,,,,,,,,,,,,-0.2986541732839564,,-0.0011554660714202644,-0.24762828511873816,
,,,,,,,,,,,,,-2.189061105132602,,-0.17984525736257798,-1.5376494845642783,
,,,,,,,,,,,,,-1.435259270256488,,0.023083454399149016,0.19421504233055606,
,,,,,,,,,,,,,-0.3853067380602973,,-0.00020051087246353804,-0.13299768068879111,
,,,,,,,,,,,,,1.4311582284560072,,0.09125540880859737,-1.0958893462975492,
,,,,,,,,,,,,,1.9057829822826935,,0.1394460031137734,-2.0013549846655994,
,,,,,,,,,,,,,-1.4376548168930845,,-0.11444323851044787,1.5780017525526906,
,,,,,,,,,,,,,1.0780802623797534,,0.05181497449781025,-0.660367981972923,
,,,,,,,,,,,,,-1.4863088898128198,,-0.00807574554319982,0.8850916245340945,
,,,,,,,,,,,,,-1.0257113259060497,,-0.01916990679160748,-0.8380789483673006,
,,,,,,,,,,,,,1.4484663362963877,,0.1838840514615442,0.4107742104517979,
,,,,,,,,,,,,,0.29646215531714787,,-0.055099487254581796,0.4208725348026903,
,,,,,,,,,,,,,-1.6502880649773475,,-0.07561566364630781,0.3980966734260991,
,,,,,,,,,,,,,0.8698980114039184,,0.04774640060137463,0.9070703959589916,
,,,,,,,,,,,,,-1.069314332337911,,-0.04276760200981407,-0.12307950933790418,
,,,,,,,,,,,,,-0.3251405691260716,,0.011092933856406296,-0.2818450175810754,
,,,,,,,,,,,,,-1.833441751089991,,-0.1849346236990897,-1.95218642214249,
,,,,,,,,,,,,,-0.6918756645061978,,-0.06870294479869138,2.665574349526955,
,,,,,,,,,,,,,1.531289972249847,,0.07810604946944637,0.5458632629679768,
,,,,,,,,,,,,,-1.7996145448598242,,-0.07788390418202318,1.7222905333455714,
,,,,,,,,,,,,,-2.1904249327770073,,-0.12341755251849136,0.25937648303035493,
,,,,,,,,,,,,,1.8057269215057565,,0.14905005516817432,-2.2742221106420284,
,,,,,,,,,,,,,1.382814154296686,,0.1072109167749625,-0.8036866587251086,
,,,,,,,,,,,,,1.7788502834198607,,0.13947004611642977,1.401847476979352,
,,,,,,,,,,,,,-0.12649050718466995,,-0.03469839151997105,-1.898899637271822,
,,,,,,,,,,,,,1.7121193210805783,,-0.09571149145726579,-0.01933839205723446,
,,,,,,,,,,,,,-1.185265303691276,,-0.08045604467113596,1.496330928756602,
,,,,,,,,,,,,,2.0678677211137346,,0.01909371574143059,0.5539011434462008,
,,,,,,,,,,,,,-0.257588305804636,,0.2963096533317034,3.265237601977456,
,,,,,,,,,,,,,0.731618386803367,,-0.00468080534655106,-2.5462859279814163,
,,,,,,,,,,,,,0.6823185157556861,,0.027197442626658398,0.303583140236837,
,,,,,,,,,,,,,0.7951804679509245,,-0.011406974368817093,-0.8909332185569332,
,,,,,,,,,,,,,0.19838834970199754,,0.06854832594798592,-0.2910595755935249,
,,,,,,,,,,,,,1.8474678211332014,,0.21199441401600091,0.8875401883766605,
,,,,,,,,,,,,,-2.75178847775112,,-0.16891390284729055,1.8816788747233018,
,,,,,,,,,,,,,0.8145735510064978,,0.03347473309077809,-1.8647879417733257,
,,,,,,,,,,,,,1.4999348092056015,,0.11104569005593636,1.8322782948242522,
,,,,,,,,,,,,,1.9671393802737616,,0.0431343025929756,0.13845672227065603,
,,,,,,,,,,,,,0.1389747132019961,,-0.11643195908167547,-0.7304491388580678,
,,,,,,,,,,,,,-0.28459338134147055,,0.030679608753211237,0.5146993323140884,
,,,,,,,,,,,,,-1.0347611042064464,,-0.04357826385026562,-0.17792010754068313,
,,,,,,,,,,,,,-0.9847027019087495,,-0.0710201457566046,1.1940898695579645,
,,,,,,,,,,,,,2.403283563069632,,0.04275239664588324,1.729217774369322,
,,,,,,,,,,,,,1.3555057934480572,,-0.023993424781582555,1.0391041369288176,
,,,,,,,,,,,,,3.144541796313228,,0.26706126569035366,0.4062454889883538,
,,,,,,,,,,,,,2.341711464485263,,0.09018162302841123,-0.46241175797471434,
,,,,,,,,,,,,,-0.6283107219276142,,-0.052481288035652565,0.7253180497806845,
,,,,,,,,,,,,,1.5024878647389857,,0.0651566840563944,-2.959299968104592,
,,,,,,,,,,,,,1.4369465004049773,,0.14439607578581945,0.00967479011092688,
,,,,,,,,,,,,,-2.1646004953949,,-0.20269987254910504,0.3697991091402061,
,,,,,,,,,,,,,-0.4769781524029602,,0.03932231872594249,0.03617913303571174,
,,,,,,,,,,,,,0.8825478709508571,,0.04088020788429939,-0.2615693652300105,
,,,,,,,,,,,,,-2.8668399383352083,,-0.08765634240894313,-0.9631711319476072,
,,,,,,,,,,,,,1.4650378749291328,,0.22115394472665822,-2.146046771216097,
,,,,,,,,,,,,,1.7169091605797675,,0.07876790314499442,-1.5416569506307811,
,,,,,,,,,,,,,1.0416678055759256,,0.13192816449840694,-2.300042295703828,
,,,,,,,,,,,,,0.4825170528969204,,0.15997077530715856,-0.16412814867388717,
,,,,,,,,,,,,,0.4663149444985915,,0.028617426428005646,-2.9569400457518924,
,,,,,,,,,,,,,0.2700406923118744,,0.059555351568773195,0.9528015529641618,
,,,,,,,,,,,,,0.9046940246333726,,0.13348793419421712,-0.5109161804259079,
,,,,,,,,,,,,,0.4229411162228092,,0.07134618271161497,0.36025034422798435,
,,,,,,,,,,,,,-2.3807770645053266,,-0.1980101901837756,-2.645161602352439,
,,,,,,,,,,,,,-0.2861932490431548,,-0.05381584340419302,-0.9706225876049928,
,,,,,,,,,,,,,2.225473875689515,,0.1830202016320905,-1.3430693951197887,
,,,,,,,,,,,,,3.1938090852356855,,0.2595677244333365,-2.4599143624553697,
,,,,,,,,,,,,,2.8138317987232577,,0.2421172963644175,0.5080163037843981,
,,,,,,,,,,,,,2.1971734579338924,,0.30553023182884176,-0.4668122798120034,
,,,,,,,,,,,,,-0.8453208734134143,,-0.012911649263767037,-0.9113208864719525,
,,,,,,,,,,,,,-1.2757270021969833,,-0.18671772699659753,1.1944086477480989,
,,,,,,,,,,,,,-0.8228997574721099,,0.03960094478209494,0.16719120378604008,
,,,,,,,,,,,,,1.6759050254935444,,0.07003928338631296,-2.7238383361045355,
,,,,,,,,,,,,,2.123659327176598,,0.08693703999015501,-1.9286096506593648,
,,,,,,,,,,,,,0.1579578418276481,,0.03162848604785859,-2.4283489105939564,
,,,,,,,,,,,,,2.413151476782849,,-0.05932369468241535,-1.4611853192831605,
,,,,,,,,,,,,,1.2013292176519614,,0.02513004302841442,-1.4395338837362752,
,,,,,,,,,,,,,0.42298985872171285,,0.004857640991054977,-0.24646036367468532,
,,,,,,,,,,,,,-1.3202987625811269,,-0.024528259148974687,0.9602936403888201,
,,,,,,,,,,,,,-1.709059053093007,,-0.06215255011316771,-0.024670187150422546,
,,,,,,,,,,,,,0.48579199340064333,,0.027454399659247477,0.275555347643708,
,,,,,,,,,,,,,1.3782918916580351,,0.1034837083983103,1.2749563982473189,
,,,,,,,,,,,,,-0.24039971331954382,,-0.11213435625954998,3.304606688335902,
,,,,,,,,,,,,,-1.495920168194917,,-0.11346727953417299,-1.1389474498032404,
,,,,,,,,,,,,,0.6428526169625618,,0.13125776912018286,0.09359571269072724,
,,,,,,,,,,,,,1.8035269754391183,,0.20158609342207862,-0.7729777689688974,
,,,,,,,,,,,,,4.123167148042599,,0.23223638978194447,-2.2221125617935136,
,,,,,,,,,,,,,1.506589337438837,,-0.06301885443447872,0.4898525459758414,
,,,,,,,,,,,,,2.4165734586223477,,0.2083967651794301,-0.2802483212633522,
,,,,,,,,,,,,,-2.480121654722506,,-0.2111109209402586,0.9420212938301533,
,,,,,,,,,,,,,1.4324259478558086,,-0.05217289687729402,-1.0697402745049773,
,,,,,,,,,,,,,-1.3185502611627147,,-0.10224032894613763,-0.13222634973488592,
,,,,,,,,,,,,,1.1550475035797103,,-0.014724358184531426,-0.2573870999984936,
,,,,,,,,,,,,,3.2386899301747945,,0.2321973478651972,0.7799277739416305,
,,,,,,,,,,,,,2.624623268117973,,0.14283148002182894,-1.1052301692380546,
,,,,,,,,,,,,,2.5027008536312563,,0.17200424757290964,1.0601025112413065,
,,,,,,,,,,,,,2.2678402018291957,,0.09348380133138934,-1.0789317170094777,
,,,,,,,,,,,,,1.595946770905336,,0.10149459673017075,3.6088880874898246,
,,,,,,,,,,,,,0.347734474311712,,-0.003372262993232574,2.1716032779848815,
,,,,,,,,,,,,,0.9369525018243269,,0.014817308226006487,-2.6367016395396536,
,,,,,,,,,,,,,-0.6103016961545867,,-0.013144664189574596,-1.4654899562430777,
,,,,,,,,,,,,,1.2790006472939919,,0.057718025563858494,0.6336041121941358,
,,,,,,,,,,,,,1.2347976003008714,,0.04663685222697457,-0.2830016464155436,
,,,,,,,,,,,,,2.8238616995761663,,0.2809045410799241,2.2637153578888194,
,,,,,,,,,,,,,0.6284466290453254,,0.012442344358667784,-0.21020622473520068,
,,,,,,,,,,,,,2.593686728146722,,0.2764335026320271,1.0214605942840662,
,,,,,,,,,,,,,0.31228688252318687,,0.017133788896655303,-2.949625787777535,
,,,,,,,,,,,,,0.3426973690021893,,-0.009146737947424148,-1.617217817988916,
,,,,,,,,,,,,,0.13654560615642924,,0.10727166555774874,-0.9889982431415534,
,,,,,,,,,,,,,-1.0455386191327083,,0.054264459511516185,2.382083497368194,
,,,,,,,,,,,,,1.6396215348984156,,0.19521996516208406,-1.1336723876329144,
,,,,,,,,,,,,,-0.9507424920603627,,-0.04478231026228502,0.20999161253727167,
,,,,,,,,,,,,,-0.8041579294274115,,0.05905997020651534,-1.2866740787641047,
,,,,,,,,,,,,,-1.433222301771299,,-0.1158740962481179,2.45679828450822,
,,,,,,,,,,,,,-2.790613798353935,,-0.14028396287396996,0.9054139673432177,
,,,,,,,,,,,,,-1.352664580840124,,-0.021301396876618712,0.17875379313510362,
,,,,,,,,,,,,,3.499511319310528,,0.224530661211791,-3.0249188902490154,
,,,,,,,,,,,,,0.21538166939635922,,0.0630477753306236,-0.3362367331391081,
,,,,,,,,,,,,,1.1520436980618536,,-0.037341029332673456,0.36265251588559455,
,,,,,,,,,,,,,2.7815189890223913,,0.1560250341670712,0.4365118194978746,
,,,,,,,,,,,,,1.9515487885623295,,0.11416336538303729,-0.5592597389521625,
,,,,,,,,,,,,,0.7913864095820078,,0.1020160822142376,-2.789356093181612,
,,,,,,,,,,,,,-1.812083631725273,,-0.06169444959086358,-1.042389503174272,
,,,,,,,,,,,,,-1.1462560197007035,,-0.03515314368245913,-0.30193194632566905,
,,,,,,,,,,,,,-0.22761609124305,,-0.013880103514847057,-1.3734463346490067,
,,,,,,,,,,,,,1.382689612768802,,0.06008447089691772,-2.9379819077314178,
,,,,,,,,,,,,,0.7880540509734427,,0.09890856880012808,-0.4326218997162277,
,,,,,,,,,,,,,-1.1988966650409103,,-0.04344144858865577,-1.5404783155711907,
,,,,,,,,,,,,,1.0378356581414616,,0.15182101825422903,-1.0512556403561828,
,,,,,,,,,,,,,0.9614072282230898,,0.05107472148394289,2.019698985803066,
,,,,,,,,,,,,,2.5007535532209704,,0.27585405180227224,-0.6015593422807248,
,,,,,,,,,,,,,-1.9141808837621916,,-0.11630678853754065,-1.359162097283748,
,,,,,,,,,,,,,-1.4959503911069019,,-0.1490737540153074,0.46095447477626084,
,,,,,,,,,,,,,-0.5990848787875958,,0.015277489006881088,0.31549537948128586,
,,,,,,,,,,,,,2.5948374690599234,,0.14463273449198571,0.995915737564208,
,,,,,,,,,,,,,-0.4627757343539183,,-0.051146119803879495,2.7454502502646894,
,,,,,,,,,,,,,0.5024792347760533,,-0.04558654333915346,-0.1079364661270941,
,,,,,,,,,,,,,3.5743947101657434,,0.21615408834059993,-2.6633281896538263,
,,,,,,,,,,,,,0.7607997810052305,,0.124021565985933,-0.2882750675354627,
,,,,,,,,,,,,,-0.827037630087698,,-0.04957743676784147,-0.3133213161192458,
,,,,,,,,,,,,,2.26717473791565,,0.04408493925458076,-2.0865350069325816,
,,,,,,,,,,,,,1.573819825147575,,0.026110884835924157,0.0351349380749488,
,,,,,,,,,,,,,0.8594798531261698,,-0.1102124995935596,-2.9431514948113406,
,,,,,,,,,,,,,1.4667561743248145,,0.10931836003253186,0.44220328438764794,
,,,,,,,,,,,,,2.4265780681272506,,0.1665712651724087,0.5472889534280115,
,,,,,,,,,,,,,0.9163181303327533,,-0.002368717596795911,0.5224267788063807,
,,,,,,,,,,,,,-0.5716570051473928,,0.010588880668267181,-0.7562725667402408,
,,,,,,,,,,,,,-0.79878429459884,,-0.07981687972315744,-0.8283881248431111,
,,,,,,,,,,,,,0.5840947464161941,,0.0688600137819982,0.5209732964199573,
,,,,,,,,,,,,,1.2921568722348793,,0.002621943899125656,0.19286392908023842,
,,,,,,,,,,,,,1.269756904953677,,0.0889206896709346,-0.19204126447932843,
,,,,,,,,,,,,,0.70907513522479,,-0.058606562100784035,2.3962024962071964,
,,,,,,,,,,,,,-1.4459627471617924,,-0.08796361987522648,0.05387761961213314,
,,,,,,,,,,,,,1.2728945255899493,,-0.015044430849943577,0.28494787278428574,
,,,,,,,,,,,,,0.6970744203433556,,0.043203810303263784,-0.2225500931800661,
,,,,,,,,,,,,,0.19966590679717547,,-0.05815435879773171,-1.1646733382300172,
,,,,,,,,,,,,,-3.4119001763400143,,-0.24681748215752136,-5.214447970292496,
,,,,,,,,,,,,,3.0196368486071803,,-0.00881507298357249,-0.45422163603605503,
,,,,,,,,,,,,,-2.5883167757200947,,-0.2594502893066973,-0.4872273459182813,
,,,,,,,,,,,,,-2.8111912747285954,,-0.29709622060755914,-1.1046029573534357,
,,,,,,,,,,,,,-0.28617626679432423,,-0.03977654482249016,-1.6925827573733145,
,,,,,,,,,,,,,0.28530488476873256,,0.06784586437477336,-1.4493882478249396,
,,,,,,,,,,,,,2.507713961884404,,0.19435386716638822,-2.663276395510045,
,,,,,,,,,,,,,-2.6499256464638186,,-0.027627206241444307,1.5845412408941573,
,,,,,,,,,,,,,1.8762942365500206,,0.0996570267102529,-0.8625908431019809,
,,,,,,,,,,,,,-0.7250147246095644,,-0.07722018053889956,0.7900513803295648,
,,,,,,,,,,,,,1.3880674792165266,,0.00911174377882121,-0.8748359099725389,
,,,,,,,,,,,,,2.151981716544845,,0.04641561557877929,0.015000762563745107,
,,,,,,,,,,,,,1.7725281138446156,,0.09598822973087288,1.9531334679942831,
,,,,,,,,,,,,,1.1936169100521579,,-0.01880922270622039,2.224913147194442,
,,,,,,,,,,,,,1.712487954917526,,0.08283382599489346,-2.7562242183414805,
,,,,,,,,,,,,,-0.18407456657504284,,-0.050915275349884194,-1.035075065321883,
,,,,,,,,,,,,,-0.49674653925714546,,-0.01857697930252268,-0.5996911052161297,
,,,,,,,,,,,,,0.6742570689626717,,0.11971757217424327,0.018824021266985274,
,,,,,,,,,,,,,-1.439882339402923,,0.01861123184915111,1.6799426211698423,
,,,,,,,,,,,,,2.450359599273051,,0.20484571173485536,-1.4606449640450496,
,,,,,,,,,,,,,2.780531341124955,,0.31454252018812057,1.7344751330882981,
,,,,,,,,,,,,,-1.4480499672213478,,-0.03566369054909036,0.8670675350049638,
,,,,,,,,,,,,,0.13256725781044512,,0.014747538034691423,-3.416076952361899,
,,,,,,,,,,,,,2.0983336286153027,,0.1521589935102599,-0.5847550169664357,
,,,,,,,,,,,,,-0.7785518380061421,,-0.08011362317166032,-0.49151933435052353,
,,,,,,,,,,,,,1.3033185395824902,,0.04571548057678546,-0.9963281747054279,
,,,,,,,,,,,,,1.9204734245434456,,0.08381561047025672,-0.08401637166582268,
,,,,,,,,,,,,,-1.733937581537218,,-0.11413112363627906,0.6766008884957833,
,,,,,,,,,,,,,-1.9743352204523656,,-0.1566324729983183,3.0182429066603507,
,,,,,,,,,,,,,1.1372707026556967,,0.12939871486893834,2.7017857045917575,
,,,,,,,,,,,,,0.8801214990736427,,0.09886008828242067,-0.07501541425518098,
,,,,,,,,,,,,,1.1683917975504312,,0.21538052271994315,0.30815896380062546,
,,,,,,,,,,,,,0.4458905302300094,,0.0978135228464486,-0.6903148243260141,
,,,,,,,,,,,,,2.706102813223165,,-0.023737674581827625,0.4763674595089977,
,,,,,,,,,,,,,-1.471176334810031,,-0.053926983484022264,-1.2402534168946961,
,,,,,,,,,,,,,0.7571621219604112,,-0.19592903846727008,0.6715528649236716,
,,,,,,,,,,,,,3.584487614503654,,0.24836694230839965,-1.7726404902459372,
,,,,,,,,,,,,,2.920711169150451,,0.24490981270257928,-1.502653723868617,
,,,,,,,,,,,,,2.325340210547801,,0.15112825135637764,1.1821492624132717,
,,,,,,,,,,,,,-0.5585576711615274,,-0.025038861032898884,-1.00211081123585,
,,,,,,,,,,,,,-1.0928625388138422,,-0.05691142673831498,-2.523004514647821,
,,,,,,,,,,,,,0.26653642705475017,,-0.026008287983630404,0.35684690732205976,
,,,,,,,,,,,,,-1.988101270844513,,-0.014749434256294195,0.7419894992497907,
,,,,,,,,,,,,,1.6505668157795435,,0.10507306125952857,-2.867189900632818,
,,,,,,,,,,,,,0.5249766828748544,,-0.14166324622637066,2.3359485196727032,
,,,,,,,,,,,,,2.8673167290389023,,0.2841451853111278,-1.2428430244011521,
,,,,,,,,,,,,,-3.940878765142819,,-0.21631289070582888,-0.3952382750628474,
,,,,,,,,,,,,,0.3286994939250641,,0.035445308181701406,-0.19561262344354938,
,,,,,,,,,,,,,-0.2296066091641373,,-0.025870089509997668,2.2364252443173824,
,,,,,,,,,,,,,1.2258331667793967,,-0.001053143489596509,1.0709945411236417,
,,,,,,,,,,,,,2.519883857204651,,0.17634241923191807,1.4511157344454357,
,,,,,,,,,,,,,1.2260799992936122,,0.06087384272707786,-0.8994922891726728,
,,,,,,,,,,,,,2.74164208362713,,0.12332527051553237,0.12467634938733355,
,,,,,,,,,,,,,-0.8607339103506523,,0.03668379149547537,-0.3022210289460039,
,,,,,,,,,,,,,1.2212883630858642,,0.02064936733579969,0.30132970467213904,
,,,,,,,,,,,,,1.3038602341675403,,-0.16979168045016443,-0.9193524713991555,
,,,,,,,,,,,,,-1.0896769197101874,,-0.06412458532975683,-2.224724299517248,
,,,,,,,,,,,,,-0.984435573642305,,0.026780891331068042,-2.140204515724582,
,,,,,,,,,,,,,2.286759428868529,,-0.0614699592051409,-0.8877268449236213,
,,,,,,,,,,,,,0.984963416878768,,0.07882448644212693,-0.35712506390703225,
,,,,,,,,,,,,,2.5774803966934856,,0.05797606323431174,-1.0760286961977528,
,,,,,,,,,,,,,-2.319695522976919,,-0.18556949428739927,0.794194286195705,
,,,,,,,,,,,,,1.548744464107979,,0.17738067224402604,1.094692045793648,
,,,,,,,,,,,,,-2.0581486527681054,,-0.14083394339739674,1.1204248382969908,
,,,,,,,,,,,,,-2.3315042382166866,,-0.19438866203040445,-0.9115618403954481,
,,,,,,,,,,,,,-0.9915916652753316,,-0.1567279659307581,-1.5083277452462558,
,,,,,,,,,,,,,2.147516814791045,,0.08973972902741137,-0.8432218381142089,
,,,,,,,,,,,,,1.1208770562205546,,0.09885103720802345,-0.796069002410964,
,,,,,,,,,,,,,-1.61910930536428,,-0.13124403188776446,-0.026599418043430748,
,,,,,,,,,,,,,2.943864934752624,,-0.027111092619564195,-0.4580084044274791,
,,,,,,,,,,,,,1.1816430264183293,,-0.09949029673721752,-0.4809715953206874,
,,,,,,,,,,,,,1.3020783691904303,,0.019578301325359405,-0.31888076504671287,
,,,,,,,,,,,,,0.7532901202082096,,0.07340595288062593,-1.0747607113744655,
,,,,,,,,,,,,,2.3702926116497816,,0.17620470361802607,1.197293072574813,
,,,,,,,,,,,,,-2.443080318718626,,0.043959475211294015,-1.9275633295680628,
,,,,,,,,,,,,,3.489242976227761,,0.33593342245242364,-1.232400058842094,
,,,,,,,,,,,,,-1.6313273140457643,,-0.0022894248351278115,-0.463594243904717,
,,,,,,,,,,,,,-2.0044501496568468,,-0.09908176170417943,-0.5908503914633416,
,,,,,,,,,,,,,1.3561414106582657,,0.09135494719373892,0.7911082206354689,
,,,,,,,,,,,,,1.5575373753494337,,0.0904240880728476,0.8379591006634755,
,,,,,,,,,,,,,2.436439546531273,,0.17991269205633878,-1.2372879273687933,
,,,,,,,,,,,,,1.727986758732601,,0.11958655956477339,0.594759223618331,
,,,,,,,,,,,,,2.521388501861154,,0.060491477457957396,-1.3308386877187581,
,,,,,,,,,,,,,1.142231323370074,,0.13916201999066274,-0.8669305790491901,
,,,,,,,,,,,,,0.5582384150451881,,0.12852644981681227,-2.808670893835717,
,,,,,,,,,,,,,1.6069643781410226,,0.09952530384163864,-1.7253197608334112,
,,,,,,,,,,,,,-1.0741767975389716,,-0.12302644549979183,-1.4802341630556457,
,,,,,,,,,,,,,0.4797554266909498,,-0.03417553399379068,-0.20270607686238015,
,,,,,,,,,,,,,2.417456153608592,,0.13803282917389637,-0.19079177909436013,
,,,,,,,,,,,,,3.5699911047712702,,0.2451005227112324,-0.4502399895674068,
,,,,,,,,,,,,,0.1114303438246917,,0.044669939100599264,0.371835434834963,
,,,,,,,,,,,,,1.7673993604937153,,-0.00027640642709164827,0.5566040118665408,
,,,,,,,,,,,,,1.8743491813583035,,0.010961384624711315,0.5200060091743846,
,,,,,,,,,,,,,0.3158179463243456,,0.07854103876205422,1.367281905347823,
,,,,,,,,,,,,,0.40690433458819314,,-0.028731766500094243,0.4273984275855304,
,,,,,,,,,,,,,-0.2172154819980755,,0.02383144863110149,1.9669795971357282,
,,,,,,,,,,,,,-2.0567509987368644,,-0.1584616654114642,-0.9910478061710998,
,,,,,,,,,,,,,2.545067898266098,,0.08200604923868215,-0.9799126981467631,
,,,,,,,,,,,,,-1.253271621083096,,-0.13649926844034402,-1.6411300161405649,
,,,,,,,,,,,,,-0.8455213816272426,,-0.0010809493194526413,-0.5076622170948653,
,,,,,,,,,,,,,1.4091942132733575,,-0.012235883784671648,2.381742396125955,
,,,,,,,,,,,,,-0.34909373364246865,,0.06724916732505641,-0.525891997122366,
,,,,,,,,,,,,,-0.3109389295565572,,0.12477457476229747,0.377819571901509,
,,,,,,,,,,,,,0.2691474444684137,,0.04588236918491059,-0.027177258868035577,
,,,,,,,,,,,,,1.9080629434060519,,0.1676191995416874,1.338069506381258,
,,,,,,,,,,,,,2.3910005824072154,,0.23792250273519092,-0.5504083461961394,
,,,,,,,,,,,,,0.4703460589972346,,-0.06047481969475234,1.2445168432396623,
,,,,,,,,,,,,,2.3491198985186252,,0.15334265518740825,-0.4413264412270799,
,,,,,,,,,,,,,1.0803112792743144,,0.06361930037400096,0.788309916896185,
,,,,,,,,,,,,,2.528756911712814,,0.13438113285050812,-1.6124006716454358,
,,,,,,,,,,,,,-1.3632427319465823,,-0.17907830741867242,0.1314573911757234,
,,,,,,,,,,,,,-0.2941307256277631,,-0.03216203289617218,0.0853791701091807,
,,,,,,,,,,,,,2.944216683983435,,0.047572952354444864,-0.1868302355131031,
,,,,,,,,,,,,,-1.734059508385136,,-0.16993702356203205,0.683276447234361,
,,,,,,,,,,,,,1.3454052333450788,,0.19425043276916523,-1.4756132539625288,
,,,,,,,,,,,,,-0.788320764731715,,0.004617777426013385,-1.4394897151870383,
,,,,,,,,,,,,,1.573520566551993,,-0.01177789869171194,-2.515528483344633,
,,,,,,,,,,,,,0.4618851268689858,,-0.026307725365417502,0.45680809534174793,
,,,,,,,,,,,,,-1.6450722123154202,,-0.07272503582545506,1.7425206599933336,
,,,,,,,,,,,,,0.322108493047333,,-0.10335858480842608,-1.5214696932220297,
,,,,,,,,,,,,,1.0688485215930892,,0.0320127627732675,0.25199557159388475,
,,,,,,,,,,,,,-0.07284680137821052,,0.13163765186814808,-1.4136562994540152,
,,,,,,,,,,,,,0.9408666665984678,,0.11693425259420433,1.838604689927118,
,,,,,,,,,,,,,1.0734612463640938,,0.10532736672445239,-0.8722126614531084,
,,,,,,,,,,,,,0.5328020808252794,,-0.2431402392816694,-1.1416270526960537,
,,,,,,,,,,,,,0.35662859635079813,,-0.026174776507763575,0.1519569075455143,
,,,,,,,,,,,,,0.8167712787985414,,0.06662222153732007,-1.137231459640383,
,,,,,,,,,,,,,2.6870114013394333,,0.1679931724504322,0.30738308677137516,
,,,,,,,,,,,,,0.7829695883606816,,0.07298150840261618,-0.7847077292785039,
,,,,,,,,,,,,,2.313808574673174,,0.16291833594814212,1.1567567361955104,
,,,,,,,,,,,,,1.430442834029114,,0.08430551391948696,1.6864793304192156,
,,,,,,,,,,,,,-0.6211544708009312,,-0.032278801420786325,0.9925594674891738,
,,,,,,,,,,,,,-1.0829293828379511,,-0.1043980335020243,-0.04277585935317018,
,,,,,,,,,,,,,0.5935405911213892,,0.08713059774361766,-2.5615584217893916,
,,,,,,,,,,,,,-0.4067249598764755,,0.05796887192060469,-0.10351672495272557,
,,,,,,,,,,,,,1.0545786269010424,,0.08657245518392989,-1.2454544660474165,
,,,,,,,,,,,,,0.4460634257249677,,0.02045074197705913,1.8755616447368024,
,,,,,,,,,,,,,-1.0710949825653167,,-0.07683512483549486,0.25249905372672593,
,,,,,,,,,,,,,4.332938171770028,,0.2772428246685432,-1.8792180423424147,
,,,,,,,,,,,,,1.2158916016272132,,-0.14012009024628164,1.8348410767110372,
,,,,,,,,,,,,,1.8739248208573087,,0.07818515728624748,-1.0952666611870547,
,,,,,,,,,,,,,2.0183252677453174,,0.2893303952955039,1.3640946910108023,
,,,,,,,,,,,,,2.9817038649550085,,0.17811207285011726,1.4700809641639918,
,,,,,,,,,,,,,-0.8679594618165934,,-0.06579876781690178,-0.9291758678068821,
,,,,,,,,,,,,,-0.44521549574991964,,0.05880666377827757,-1.8974417520827553,
,,,,,,,,,,,,,-1.3247176307469286,,-0.07568180810017038,-0.3562791826416907,
,,,,,,,,,,,,,1.4540849040327404,,0.11498586896581027,1.2909786163727701,
,,,,,,,,,,,,,-1.4000642395495824,,-0.11572560721886815,-1.182175265806645,
,,,,,,,,,,,,,0.9620434200428365,,0.1709674723629724,1.164600605746518,
,,,,,,,,,,,,,-0.6075165356868866,,0.01247797764734768,-1.0774248879714952,
,,,,,,,,,,,,,-2.6166105768111616,,-0.0938918393743144,-0.037283668498482005,
,,,,,,,,,,,,,1.1571036626651567,,0.15969126190635058,-2.224337310146628,
,,,,,,,,,,,,,1.884374415072678,,-0.06673931510921752,-2.4356283535858068,
,,,,,,,,,,,,,-0.2994726601680323,,-0.04692793044873869,-0.6691648932732084,
,,,,,,,,,,,,,0.3792949233421062,,-0.008270867217354747,-0.6382397942724511,
,,,,,,,,,,,,,0.6677698765749253,,-0.17486729247860153,-2.689464906180188,
,,,,,,,,,,,,,0.6892274987952414,,0.2031244870206331,-0.6113882669317419,
,,,,,,,,,,,,,1.5692278733307903,,-0.04179124412375016,0.6126471451623171,
,,,,,,,,,,,,,-0.4372336367374889,,-0.15008550390464756,-1.2477489014784466,
,,,,,,,,,,,,,-2.4407439647052622,,-0.09545611531387743,-1.146507379926564,
,,,,,,,,,,,,,-1.930775028142409,,-0.052412454618106764,0.6500302043383405,
,,,,,,,,,,,,,0.7299353918950188,,0.04628383916845626,0.2667153587766897,
,,,,,,,,,,,,,3.273777337054379,,0.1332599860874039,-0.1379601849500233,
,,,,,,,,,,,,,0.9688390850404355,,-0.016823679411396415,-0.18266066991094893,
,,,,,,,,,,,,,-1.444266206250692,,-0.09971523959410364,0.3447100088776432,
,,,,,,,,,,,,,-1.8231290016506903,,-0.1987927011630056,-0.06992211958250784,
,,,,,,,,,,,,,3.307033719849569,,0.18677083368866415,-3.8687799578101623,
,,,,,,,,,,,,,-1.4010515706849402,,-0.04528733334459244,0.8886864817973207,
,,,,,,,,,,,,,-0.7309017816029404,,0.121263616657456,1.3676304142672795,
,,,,,,,,,,,,,-1.8618529350331834,,-0.043788356167318104,1.89076180374115,
,,,,,,,,,,,,,1.1951334686279647,,0.07261503664018709,-0.14490450942315136,
,,,,,,,,,,,,,2.584772596434594,,0.09454657429084938,0.9310976837110945,
,,,,,,,,,,,,,1.2894193785825265,,0.17078654435791993,-0.573518321887911,
,,,,,,,,,,,,,-0.5532512082152478,,0.00783858137140525,-0.6077505729429991,
,,,,,,,,,,,,,2.449377756538002,,0.11777378208860194,-0.7545120690126803,
,,,,,,,,,,,,,3.5927675610186034,,0.2080598041613207,-1.4315399482360662,
,,,,,,,,,,,,,-0.9296409398630896,,0.09039775754661879,-0.2973290980346619,
,,,,,,,,,,,,,-0.5498107022478107,,-0.05290739567254256,1.2986961155879224,
,,,,,,,,,,,,,-3.116036853338718,,-0.21942382081945844,1.4758349943283053,
,,,,,,,,,,,,,0.14632035052249548,,-0.06548166385241384,-0.7451741825706847,
,,,,,,,,,,,,,-1.8488903139528774,,-0.16276413056341238,-1.822963267734454,
,,,,,,,,,,,,,-2.0388539033362942,,-0.10075029578243547,-1.5041202165031842,
,,,,,,,,,,,,,-0.8288198411192779,,0.03103839889404782,-2.238900032435723,
,,,,,,,,,,,,,-2.1520715748972306,,-0.08575435178096606,0.311031929171392,
,,,,,,,,,,,,,-0.3525732955585557,,-0.05930532009872359,1.0458683821875592,
,,,,,,,,,,,,,1.9628283021569501,,0.18375002939595078,-0.08310325666352439,
,,,,,,,,,,,,,1.8584929802996955,,0.09101709335638931,3.1631897366203057,
,,,,,,,,,,,,,-1.6073878442117622,,-0.16991781146546814,0.3543584232319369,
,,,,,,,,,,,,,1.1325016384894075,,0.05518222778351568,0.0981720533701962,
,,,,,,,,,,,,,0.4768487950919133,,0.05160059861541494,-2.3583565398763837,
,,,,,,,,,,,,,1.071932460051503,,0.0731092127253007,-1.6706209780531753,
,,,,,,,,,,,,,0.6158334245896979,,0.055380186578424785,0.47590098453540103,
,,,,,,,,,,,,,1.3261893229745134,,-0.0007691231392635603,0.25606815547688766,
,,,,,,,,,,,,,-2.2010525190791284,,-0.044200088366137216,-0.39424677260194857,
,,,,,,,,,,,,,-0.3801503019264122,,-0.07684806202437648,-1.847324567990923,
,,,,,,,,,,,,,0.347941117559352,,0.02618385879332051,0.9389460174231887,
,,,,,,,,,,,,,-1.4628875849650216,,-0.24304952820349116,0.6012364959876337,
,,,,,,,,,,,,,0.9651495813652997,,0.1511103901832301,0.9101895258465951,
,,,,,,,,,,,,,1.8522370992387343,,0.10576611413448699,-2.7016053533978375,
,,,,,,,,,,,,,-1.198892058439485,,-0.15769499223289493,-1.308836128137328,
,,,,,,,,,,,,,-1.7426467544820217,,-0.1563597417566554,0.12098680304022068,
,,,,,,,,,,,,,-2.6885068350203913,,-0.16136416410734866,-0.5253684682378882,
,,,,,,,,,,,,,1.7814287166286558,,-0.11696197400564846,0.8736357304786786,
,,,,,,,,,,,,,0.3623754390447082,,0.14708152603990826,-0.6019360048542092,
,,,,,,,,,,,,,-3.2438917170230765,,-0.2800953581148093,-1.2022259560476953,
,,,,,,,,,,,,,0.4633507188339401,,0.05020397002835919,-0.6167660110446558,
,,,,,,,,,,,,,0.6498652116996868,,0.04547006700480363,-1.1985401601305987,
,,,,,,,,,,,,,-0.6315677155368952,,0.026125565385494296,1.3205086699927364,
,,,,,,,,,,,,,-1.7167105827810858,,-0.14571511988368105,-0.46665016351133304,
,,,,,,,,,,,,,-0.9357107363671783,,0.10395091147370607,-1.7669714395850311,
,,,,,,,,,,,,,1.3844917601412532,,0.022019451829684733,-0.09457951897961694,
,,,,,,,,,,,,,1.9634524023692999,,0.09843011241136815,-0.033154376600078535,
,,,,,,,,,,,,,2.087003849116744,,0.07477270853379098,-1.209109717060936,
,,,,,,,,,,,,,2.152902971437947,,0.11332426831167107,1.194181180654805,
,,,,,,,,,,,,,-0.7080537567383677,,-0.12492981594573921,-0.8633861665577318,
,,,,,,,,,,,,,-1.579181430009959,,0.09735702805505494,-0.18832863847984846,
,,,,,,,,,,,,,2.0200103947288883,,0.005194604676922488,-1.2479200893876785,
,,,,,,,,,,,,,3.736624870729585,,0.20243383161561448,-1.5108051242971399,
,,,,,,,,,,,,,0.31858506131364805,,-0.011773573550076567,-2.390345430270821,
,,,,,,,,,,,,,2.084383111845119,,0.24463459107124014,-1.8929675317112402,
,,,,,,,,,,,,,1.1007089188129144,,0.03845184618064341,-0.041380404979691976,
,,,,,,,,,,,,,1.0586267370985911,,-0.04053245741417272,0.09379617633809013,
,,,,,,,,,,,,,-1.9307529476268301,,-0.15914916878756688,0.3839951731043703,
,,,,,,,,,,,,,2.257279859201189,,0.10167209545841407,-1.41921840536307,
,,,,,,,,,,,,,0.8241093315034437,,-0.07104620333707785,-0.2895287286270363,
,,,,,,,,,,,,,-0.36221641210310124,,-0.04177161989945251,0.026957557271961204,
,,,,,,,,,,,,,-1.4530812726097422,,-0.05680143063513178,-0.5110999602375076,
,,,,,,,,,,,,,0.2803110606527644,,-0.026581778680919446,1.6605654306930113,
,,,,,,,,,,,,,0.747776422931547,,0.13880871821468224,0.4507577187203984,
,,,,,,,,,,,,,-1.4310270224631059,,0.0319911554666143,-1.0241387241719222,
,,,,,,,,,,,,,-3.620463831836945,,-0.27903761928938525,1.1418314224514636,
,,,,,,,,,,,,,-0.6883963518845372,,-0.04462506330221584,1.4923972783764368,
,,,,,,,,,,,,,-0.3408090963382874,,0.08083187736753428,-1.5964029720193953,
,,,,,,,,,,,,,1.0035906563901429,,-0.03034901643719604,-0.1026291780971366,
,,,,,,,,,,,,,1.992226456497636,,0.2079835554388569,-0.7277053222672348,
,,,,,,,,,,,,,1.3067929609683417,,0.17632118265352492,-3.959152752442669,
,,,,,,,,,,,,,-0.9574801957521629,,0.040293950446402285,-3.4294632722213274,
,,,,,,,,,,,,,3.0898058719270693,,0.16628464522627695,-1.2296008156532798,
,,,,,,,,,,,,,-0.07823923129227675,,0.12738274172886097,-3.14958099463492,
,,,,,,,,,,,,,-0.7439013984308697,,0.0980573056887192,0.8905806884449476,
,,,,,,,,,,,,,0.6318240792298734,,0.01607731811666402,0.044186081246754785,
,,,,,,,,,,,,,0.5379611501108615,,-0.24317149597493035,-0.3917275020321315,
,,,,,,,,,,,,,2.644366485166084,,0.07590179002641838,1.7890842821429145,
,,,,,,,,,,,,,1.3124174903842278,,0.0076866550102898685,1.2337984716365966,
,,,,,,,,,,,,,2.777218106585284,,0.04896154918544125,-1.1044060060809378,
,,,,,,,,,,,,,0.24477337405100666,,0.09622657678865762,5.235485567887605,
,,,,,,,,,,,,,-1.614991789583699,,-0.2220841844766441,-2.063089769387777,
,,,,,,,,,,,,,1.8347046679743026,,-0.029814981916352148,-0.29655295383772085,
,,,,,,,,,,,,,-0.288707714843149,,-0.07018367034101539,1.3765079738080224,
,,,,,,,,,,,,,1.2989218647721528,,-0.21195648601863057,1.1535666053586506,
,,,,,,,,,,,,,-1.6003780720017295,,-0.15751598927974553,-0.9612825143258058,
,,,,,,,,,,,,,0.42090940703107843,,0.09591046397300211,0.8673762034741908,
,,,,,,,,,,,,,-3.003438306940016,,-0.1439281567440262,0.5988065091319855,
,,,,,,,,,,,,,-1.3261179013796118,,-0.1655148560540902,2.749532598168122,
,,,,,,,,,,,,,1.204961156731321,,-0.022238710849175586,-0.3756796112893275,
,,,,,,,,,,,,,1.6137219948592028,,0.16259699484053036,0.41502294184803684,
,,,,,,,,,,,,,1.2819082956419907,,0.09807194002838074,-0.3038215365487875,
,,,,,,,,,,,,,-0.8160324996349527,,-0.10910841591925158,-2.4430448783162775,
,,,,,,,,,,,,,0.6991442642738348,,0.09014404628701696,2.180880860723045,
,,,,,,,,,,,,,3.418438087370053,,0.19283901824613067,1.552990542962297,
,,,,,,,,,,,,,-1.152725199465939,,-0.03050602425326413,-0.680018918655448,
,,,,,,,,,,,,,0.30565300808602647,,-0.042262864157975144,-1.5445519201312112,
,,,,,,,,,,,,,2.9180127870061967,,0.16679780870174377,-2.712204229201129,
,,,,,,,,,,,,,1.0169753023460362,,0.047847985063613575,0.7056109849729318,
,,,,,,,,,,,,,-0.8260938885399678,,-0.13362306219462242,1.037515405191982,
,,,,,,,,,,,,,-1.902424405759587,,-0.08665941542852953,2.661845213752235,
,,,,,,,,,,,,,1.319549022799196,,0.10768513012510085,2.1027863108557154,
,,,,,,,,,,,,,-2.300726489546446,,-0.13460236625898134,-1.5605184099069591,
,,,,,,,,,,,,,0.6423604915145352,,-0.07314649922315808,1.0637583234972006,
,,,,,,,,,,,,,-0.2768915503568224,,0.06170634263757384,1.6458664001774546,
,,,,,,,,,,,,,-0.6757983581342691,,-0.037394190041985374,-2.064283116104466,
,,,,,,,,,,,,,0.32810744351893073,,0.02053967011233342,-0.463724105538293,
,,,,,,,,,,,,,1.3248425799128283,,0.1821396150609937,-1.45796313450502,
,,,,,,,,,,,,,-0.1985859376861065,,-0.03748012750656475,-0.4924351260793681,
,,,,,,,,,,,,,1.9045480692237728,,0.0634579641499179,-0.7265922734283546,
,,,,,,,,,,,,,5.309936087671969,,0.1402353041529759,-0.25212031044226246,
,,,,,,,,,,,,,0.817168815730098,,0.004692227143552701,-3.3834267281612154,
,,,,,,,,,,,,,1.1555935834115592,,0.13993264593855875,1.2291338209696607,
,,,,,,,,,,,,,3.144491193551338,,0.12193325203227214,0.8669254489935371,
,,,,,,,,,,,,,-1.8632028419562512,,-0.13857914117914516,-0.8375755145610803,
,,,,,,,,,,,,,-1.7244493024858734,,-0.019756503596869732,-0.7805343198105404,
,,,,,,,,,,,,,-1.7582419518197998,,-0.1530363695192734,-3.231048047479129,
,,,,,,,,,,,,,0.4969017774877911,,-0.04745765563706275,0.637842441722358,
,,,,,,,,,,,,,3.4197449959888173,,0.16673529947046883,-0.8455108775037696,
,,,,,,,,,,,,,0.15362023589815352,,0.09034464140647211,-1.1169584730354647,
,,,,,,,,,,,,,-0.5051307414710355,,-0.03147151696953343,3.0750438742789137,
,,,,,,,,,,,,,0.8024136505651244,,0.054460832598554006,-1.9302949446491127,
,,,,,,,,,,,,,1.82484524529436,,0.007049445613620607,-0.5767718145025681,
,,,,,,,,,,,,,0.44069741946206864,,0.060662151949090456,0.9381093879828375,
,,,,,,,,,,,,,-1.5619243148040491,,-0.04329415624854435,-0.0619179354792388,
,,,,,,,,,,,,,1.700010038132704,,0.144013860451752,-1.581180139483217,
,,,,,,,,,,,,,3.0416937637988664,,0.06730504811062747,-0.025578966798822943,
,,,,,,,,,,,,,-1.4575841507800191,,-0.036078731833400636,-0.7261781361612263,
,,,,,,,,,,,,,-4.1778204625495485,,-0.24639752518765795,-1.6991883706423772,
,,,,,,,,,,,,,1.0574891324032891,,-0.006305749071375155,-0.49825245191724343,
,,,,,,,,,,,,,0.14251640140464408,,0.03745584742642696,2.2462821382985707,
,,,,,,,,,,,,,-3.14298544488999,,-0.15175623086274542,-0.07142124165158682,
,,,,,,,,,,,,,1.9140417470588917,,0.041595573011069725,-0.5666570295180918,
,,,,,,,,,,,,,-1.4990160969847925,,-0.12927477432705065,-1.2200895230631175,
,,,,,,,,,,,,,2.63160538871334,,-0.06856823066219914,1.2101386216480063,
,,,,,,,,,,,,,0.740861687310557,,0.0652671521119857,0.6690434764058178,
,,,,,,,,,,,,,2.0419660967950852,,0.06078432707885564,-1.0857329661797481,
,,,,,,,,,,,,,0.18957017277072222,,-0.005939313975197229,-0.486385889431618,
,,,,,,,,,,,,,2.082231786690347,,-0.004308054903103836,0.24676319566375074,
,,,,,,,,,,,,,-1.7881169834340085,,-0.09212793919170392,2.1669355041994014,
,,,,,,,,,,,,,0.9244912931244991,,-0.1430265012171197,-1.441090813387514,
,,,,,,,,,,,,,2.3880027550836376,,-0.10033663099367038,1.898926835435066,
,,,,,,,,,,,,,1.3952679410450854,,-0.09988824852612431,1.4902154668819148,
,,,,,,,,,,,,,2.5717058970055087,,0.17246433941554024,-2.1797722921035865,
,,,,,,,,,,,,,-0.7005959055912377,,-0.06474211635084606,-0.23503586219180447,
,,,,,,,,,,,,,-0.6186741639824893,,-0.26393258967846855,-1.1259964055275287,
,,,,,,,,,,,,,-2.2595465821954637,,-0.19876475312495234,-2.0476959913142307,
,,,,,,,,,,,,,2.058861816866833,,0.2495967471956211,-0.0989246501734306,
,,,,,,,,,,,,,-1.233804797520975,,0.01341270369620667,0.34406795089276493,
,,,,,,,,,,,,,1.8551287293763452,,0.12683272313242175,-0.1810466104450965,
,,,,,,,,,,,,,-3.2049719203972358,,-0.13494310464743803,-0.1893925566336372,
,,,,,,,,,,,,,0.7206953105320816,,-0.09785601625459166,-0.5205344791572176,
,,,,,,,,,,,,,-2.285934879528173,,-0.07610647444347421,0.6299807033629176,
,,,,,,,,,,,,,1.639323506044517,,0.07588994040881804,-1.4655346165878196,
,,,,,,,,,,,,,1.897664645013627,,0.1269730734061,3.632055145380908,
,,,,,,,,,,,,,1.496109804066441,,0.11163328951957069,0.400002274186682,
,,,,,,,,,,,,,3.20909246660671,,0.2707328236134286,1.1946470085978107,
,,,,,,,,,,,,,0.16444557571136656,,0.08404059226058934,0.16789877143790244,
,,,,,,,,,,,,,1.1327159975400583,,-0.011605062250433675,-1.695387703530616,
,,,,,,,,,,,,,0.6165495971585517,,0.1747037262182741,-1.644758821646437,
,,,,,,,,,,,,,-1.160153661292326,,-0.14383527693567957,0.02770581925331771,
,,,,,,,,,,,,,-1.6429256767988307,,-0.060056456227682894,1.1047382256040552,
,,,,,,,,,,,,,-1.4672981803972742,,-0.0764099488786756,1.2606784243988665,
,,,,,,,,,,,,,-3.054499561273363,,-0.1451009116749994,-2.12405219076902,
,,,,,,,,,,,,,1.4555566099540638,,-0.07787698223132422,2.0737898490473246,
,,,,,,,,,,,,,-0.891087154822978,,0.016026182301469943,-1.2242246895139555,
,,,,,,,,,,,,,-1.945098050102812,,-0.13855954233551782,-0.6190559278179255,
,,,,,,,,,,,,,4.12494470570974,,0.10068057576220193,-2.7202763908895387,
,,,,,,,,,,,,,3.9997753162419807,,0.1340252430777694,-1.9468678740747987,
,,,,,,,,,,,,,-1.7353838819760121,,-0.10719682859567446,1.1431987041678868,
,,,,,,,,,,,,,2.2045282147824063,,-0.006646444625404282,0.3558144387564253,
,,,,,,,,,,,,,2.1437098343307968,,0.14758479194275137,1.238261152311598,
,,,,,,,,,,,,,-2.925459689299991,,-0.1973099653582929,1.1108761877720073,
,,,,,,,,,,,,,1.7371476240907777,,0.05142391544311125,-1.7475345789740366,
,,,,,,,,,,,,,0.6786949684618535,,-0.03677243517683193,-0.9160050360602777,
,,,,,,,,,,,,,1.0171065602801823,,-0.05684207602035064,1.609149293098965,
,,,,,,,,,,,,,-0.9571046900582837,,-0.10335278881905109,2.018419283227763,
,,,,,,,,,,,,,1.4960298490212205,,0.01581102107524208,2.659687564675157,
,,,,,,,,,,,,,1.1099518007975935,,0.08382672744292931,-1.6719622317803118,
,,,,,,,,,,,,,0.8110690283182641,,-0.10516462462232419,0.679413821667587,
,,,,,,,,,,,,,3.5470056492929567,,0.321370914189938,-3.370826523334248,
,,,,,,,,,,,,,-0.7133041321872946,,-0.00833425138605303,-2.696058916846036,
,,,,,,,,,,,,,1.3086537340236186,,0.030952236117513608,0.8792854061630099,
,,,,,,,,,,,,,-1.3916372598557787,,-0.08396961709909817,-2.0326940509118248,
,,,,,,,,,,,,,0.5453636055537165,,0.05624762011417475,-1.5841476307050044,
,,,,,,,,,,,,,1.4816117179841577,,0.044082448124105125,0.18116171774665132,
,,,,,,,,,,,,,0.8789557237026518,,0.10118326524522006,-0.38023575147835714,
,,,,,,,,,,,,,0.9395678380410681,,0.0015414833688221577,1.024456811837096,
,,,,,,,,,,,,,-1.746860502004199,,-0.1000162435554432,1.2706936205170623,
,,,,,,,,,,,,,2.092118638822798,,0.1476111816520367,0.27005410181199097,
,,,,,,,,,,,,,-0.22580787175963515,,0.03339650496048828,0.15636555430786456,
,,,,,,,,,,,,,2.154963458716608,,0.22475479250928213,-0.13761282981205386,
,,,,,,,,,,,,,-1.6181145325324835,,-0.0064304368745076515,-0.5984099899970656,
,,,,,,,,,,,,,0.5690781353302949,,-0.03552772409626864,-0.016537869586818573,
,,,,,,,,,,,,,2.0102342761253227,,-0.019955052132311794,-1.8834859571201459,
,,,,,,,,,,,,,-2.231264598717154,,-0.18826106205550905,0.7252831656594747,
,,,,,,,,,,,,,-2.2892935159388332,,-0.0671495025554172,-0.4030401978681404,
,,,,,,,,,,,,,-1.7221492226602586,,-0.07077031266964218,0.8716398747748996,
,,,,,,,,,,,,,2.4206021854852207,,0.09816211906818566,3.4302067763512207,
,,,,,,,,,,,,,-0.82261179902615,,-0.11354159868950756,-1.6821975278933414,
,,,,,,,,,,,,,-2.4469291079979154,,-0.16177897202617594,-0.38740639052136894,
,,,,,,,,,,,,,1.6078914353601377,,0.2222198074241061,-1.3128819223808068,
,,,,,,,,,,,,,2.757368449136902,,0.1702906619183633,-0.8757520795562364,
,,,,,,,,,,,,,0.5960328191311226,,-0.10924263598300504,2.5008197209694174,
,,,,,,,,,,,,,0.4900588619538162,,0.06832237905654823,-1.702000833344368,
,,,,,,,,,,,,,1.2412066954827707,,0.0937929908262841,0.32833704188413365,
,,,,,,,,,,,,,-0.7625253173025175,,-0.007911514466035975,0.5412517998405348,
,,,,,,,,,,,,,-1.5236839451132795,,-0.063926943239291,-1.49037804395062,
,,,,,,,,,,,,,-1.072095769826403,,-0.09712994088847302,-4.133477998748261,
,,,,,,,,,,,,,1.0521706723661803,,-0.017770936246866112,1.7770497345109648,
,,,,,,,,,,,,,2.1511339776539886,,0.21622233425400997,1.1208655447235367,
,,,,,,,,,,,,,-2.5356668124300064,,-0.2640125831755466,0.058624769096159636,
,,,,,,,,,,,,,-2.0891672442773017,,-0.10304069312616981,2.979044979124598,
,,,,,,,,,,,,,-2.050793990002674,,-0.1403442031062289,0.8718503784443682,
,,,,,,,,,,,,,-1.2809839495276931,,-0.09762478489605185,-1.729994199514158,
,,,,,,,,,,,,,-1.3836632957573198,,0.07195770243357273,-2.191747344668826,
,,,,,,,,,,,,,0.41180997592015545,,-0.06418183886714326,0.21169481469547596,
,,,,,,,,,,,,,1.051242445345476,,0.01239157493332478,-0.8050062756256299,
,,,,,,,,,,,,,1.3807766408078888,,0.016414566772520015,0.13270700518846168,
,,,,,,,,,,,,,0.8000914172037836,,-0.009674319692229264,-0.5419694087204568,
,,,,,,,,,,,,,0.47292967985492523,,0.027354790703100762,-1.1453481426893977,
,,,,,,,,,,,,,2.0215740440358467,,0.018024462181518715,2.1522569552316155,
,,,,,,,,,,,,,3.4885840536178536,,0.030500225871898597,2.0313823051249327,
,,,,,,,,,,,,,1.2549112814613441,,-0.18354455214460663,-2.907126669593957,
,,,,,,,,,,,,,-0.534962526672775,,0.14258644935732664,2.6538418768038357,
,,,,,,,,,,,,,-2.201744337082342,,-0.12862166992438784,1.1110044512841757,
,,,,,,,,,,,,,0.10389134780392545,,-0.024563293508368726,-1.9060164444947778,
,,,,,,,,,,,,,-0.6498995621741696,,-0.12235113564494399,-1.392538294381366,
,,,,,,,,,,,,,0.9554091227885272,,-0.09836355495548084,-2.5554590151279837,
,,,,,,,,,,,,,-0.24203067948743862,,0.09545710538480547,-0.036517560538984056,
,,,,,,,,,,,,,1.9084873801624076,,0.11651105134162479,1.6691046586510458,
,,,,,,,,,,,,,1.0039695720492026,,0.3025694747790731,1.4252784575968187,
,,,,,,,,,,,,,-0.6264816215224458,,0.05704315007905328,-0.24273442179640112,
,,,,,,,,,,,,,1.4104028573421652,,0.04764481272152911,-2.3464109134962623,
,,,,,,,,,,,,,-0.6734201848695265,,-0.07527883595711538,-1.3070620305316545,
,,,,,,,,,,,,,0.911922190466556,,0.06161504362532595,1.9599767812978095,
,,,,,,,,,,,,,-1.620794605727077,,-0.2363315466762638,-0.006103517697133919,
,,,,,,,,,,,,,1.4653593851501796,,-0.15389379164678074,0.9534795136325085,
,,,,,,,,,,,,,0.2715981135627712,,0.0706600358042243,-1.821645482794503,
,,,,,,,,,,,,,0.52220167855238,,0.07868270377928964,-0.4667223351357167,
,,,,,,,,,,,,,0.9628561904441837,,0.1870782155824577,-1.1457010975290791,
,,,,,,,,,,,,,4.129509229669866,,0.34907915466804645,0.837856943488931,
,,,,,,,,,,,,,3.7921445009745476,,0.24897649851116527,0.8444699408711562,
,,,,,,,,,,,,,1.3623025833888978,,0.11677181168143459,-1.885988230138442,
,,,,,,,,,,,,,1.7325387001892447,,0.006328133694882573,-1.3908772229567943,
,,,,,,,,,,,,,1.4388955935848908,,0.20948837815694363,-1.514766530963794,
,,,,,,,,,,,,,-0.6055938768844029,,-0.0018333985637935231,0.8769337646292817,
,,,,,,,,,,,,,-0.7737482419598153,,0.03602046241713656,0.12087067954597128,
,,,,,,,,,,,,,2.297215986187669,,0.07227470926546814,0.09602151949244639,
,,,,,,,,,,,,,-2.5969572878168123,,-0.25736965935168304,-0.03411366636796691,
,,,,,,,,,,,,,1.841464005985891,,0.16496643904145958,0.40536231909778375,
,,,,,,,,,,,,,2.6646973106075253,,0.17368819897610802,1.5010724917102025,
,,,,,,,,,,,,,1.1003470238009885,,0.05821202241682025,0.06189502664506173,
,,,,,,,,,,,,,-2.328116220552196,,-0.18183892993391465,-0.3148419169528651,
,,,,,,,,,,,,,1.532949372486258,,0.1354551747191064,-1.001642599651521,
,,,,,,,,,,,,,0.8468801494933499,,0.06843467177365266,-2.652232754487164,
,,,,,,,,,,,,,2.579325973990132,,0.201967242648826,-0.22119949888571602,
,,,,,,,,,,,,,0.5060251365102478,,0.01589972521319973,3.4134097556903313,
,,,,,,,,,,,,,1.0839747942035107,,-0.10663907454977224,-1.8919276530633786,
,,,,,,,,,,,,,0.4615113923632334,,0.04253999298962241,0.2062025150468984,
,,,,,,,,,,,,,1.4693187013356475,,0.007313533075617204,0.8680186301187174,
,,,,,,,,,,,,,-0.24105672853438623,,-0.007588951114700448,0.7830341021711089,
,,,,,,,,,,,,,1.6434508826400072,,0.08019839284222233,2.4691241234039802,
,,,,,,,,,,,,,4.161123221360796,,0.23880859341251603,-1.1165223179179093,
,,,,,,,,,,,,,-0.8864988174845642,,-0.08777961296893112,1.57067835079375,
,,,,,,,,,,,,,2.715960874888655,,0.24528173454472452,-0.08362352550110233,
,,,,,,,,,,,,,3.022693405563514,,0.09065522446095052,-0.7128195907946254,
,,,,,,,,,,,,,-1.3074897877966383,,-0.08052482895010793,-1.3735196760247126,
,,,,,,,,,,,,,2.669450586588845,,0.02528994378500258,-0.07666518703029623,
,,,,,,,,,,,,,1.9201067942643133,,0.2004774062611485,1.3649692723553286,
,,,,,,,,,,,,,-1.5344304925179153,,-0.07793202914540015,-2.422297556547941,
,,,,,,,,,,,,,1.6202675713978036,,0.14961047434422084,-1.2862625140332002,
,,,,,,,,,,,,,0.3550219288858091,,0.20775312914459984,-2.5205411456065185,
,,,,,,,,,,,,,0.23881912360162946,,0.06840751173111662,1.1854734259153088,
,,,,,,,,,,,,,-0.2362971663622825,,0.0472840400146781,2.045488715060417,
,,,,,,,,,,,,,-2.9609830806708706,,-0.24344797427565573,0.8977664962677416,
,,,,,,,,,,,,,1.372457915218875,,0.048111285446594335,-0.7809088143190526,
,,,,,,,,,,,,,-2.0755612892910347,,-0.09878874168278165,-1.7401954830379478,
,,,,,,,,,,,,,-1.909825377546305,,-0.07163870253902872,-0.1004880474744829,
,,,,,,,,,,,,,0.4145060876518964,,-0.03130840438981076,1.2553585514611356,
,,,,,,,,,,,,,2.625934275280768,,0.31976476560654327,-1.6522448847607787,
,,,,,,,,,,,,,-1.7093306204529133,,-0.07409303130649719,-0.597166712394117,
,,,,,,,,,,,,,0.02529531216504808,,0.05187978395511604,-2.659466627990943,
,,,,,,,,,,,,,-1.6095899424676756,,-0.05262092260225618,0.893714377426603,
,,,,,,,,,,,,,3.9160304753214987,,0.06391588866055199,-2.111880785058594,
,,,,,,,,,,,,,1.3173204473335107,,0.0555261992979173,0.5093115025831961,
,,,,,,,,,,,,,0.9352613385581867,,0.11657368078457475,-1.7648926870707142,
,,,,,,,,,,,,,-3.5947048013783687,,-0.3286442118802158,0.5597306652565411,
,,,,,,,,,,,,,1.9932035872071046,,0.07933672070613963,1.004123033480486,
,,,,,,,,,,,,,0.39982585797102654,,0.08223898817978766,0.6238950385823798,
,,,,,,,,,,,,,2.28248071730695,,0.105589688063496,0.2614400470639353,
,,,,,,,,,,,,,0.04837883619208512,,-0.02503286708327321,-1.2922697366479985,
,,,,,,,,,,,,,0.03899463853812167,,0.029076478187984256,0.12961819982854475,
,,,,,,,,,,,,,1.2007155140146877,,-0.016592669325345904,-0.3912953707851505,
,,,,,,,,,,,,,-0.13499465702116886,,0.028626883680074728,-0.011243827147642561,
,,,,,,,,,,,,,1.26198167408941,,-0.015920602571440103,-1.8527639593454424,
,,,,,,,,,,,,,-1.4759894141738292,,-0.015793735513712027,0.9048594176081775,
,,,,,,,,,,,,,1.4373447975993305,,0.08917892360000175,-1.0715086632962298,
,,,,,,,,,,,,,1.2657057812194497,,0.10984291252575697,-0.3819883139778928,
,,,,,,,,,,,,,1.7923566722646063,,0.22220083422458198,1.5472176703662701,
,,,,,,,,,,,,,2.574123344938384,,-0.03158259439055802,-1.3623866500541078,
,,,,,,,,,,,,,0.9092273274031925,,-0.0011236029798468196,-0.4827327749726049,
,,,,,,,,,,,,,-1.6462198648219504,,0.028643121583673332,1.6925218239948099,
,,,,,,,,,,,,,2.6983101477793494,,0.022832673712355443,0.48085424008552996,
,,,,,,,,,,,,,0.2822088499012673,,-0.0032481840441266584,2.0070721811204737,
,,,,,,,,,,,,,1.0152881972233343,,0.14697789849777557,-3.0146485626148087,
,,,,,,,,,,,,,-0.5344489311672505,,-0.05956047689058058,-0.9489934596066204,
,,,,,,,,,,,,,0.21200049080683378,,-0.07170580983861082,-1.7506599129037046,
,,,,,,,,,,,,,-1.9342034354005737,,-0.10377596615677537,0.032920092599887034,
,,,,,,,,,,,,,1.5667871947152414,,0.14504444261953964,2.4205225867872118,
,,,,,,,,,,,,,2.7611209043318317,,0.17587784519104935,-1.9796192229870866,
,,,,,,,,,,,,,0.3696968102703607,,0.026046039890059977,0.18078368581015594,
,,,,,,,,,,,,,2.536261369247021,,0.041657651660641344,0.5043363121612043,
,,,,,,,,,,,,,0.9778085378161917,,0.1326162745747744,1.9427034244683026,
,,,,,,,,,,,,,1.2208626703044951,,0.1816605990599286,-0.5180011580255571,
,,,,,,,,,,,,,2.0060921576503965,,0.04881185309221794,0.47090016500968707,
,,,,,,,,,,,,,1.4239529237133988,,-0.02414129862107165,-1.6959995740120846,
,,,,,,,,,,,,,0.7054552486951919,,0.05811672892287373,-1.4465827792038526,
,,,,,,,,,,,,,4.195813625166132,,0.2806843630319402,0.38069496778635276,
,,,,,,,,,,,,,-1.4260285775472963,,0.03834593176052461,-0.5721536564621494,
,,,,,,,,,,,,,1.5990321614612872,,0.16565088694196128,0.060098535033104875,
,,,,,,,,,,,,,2.444039760765376,,-0.05388015018093173,1.829046062742125,
,,,,,,,,,,,,,0.8676539490831265,,0.025143724920018932,3.33765030312869,
,,,,,,,,,,,,,0.5658989359037426,,0.0818666500978424,-1.6647049467394468,
,,,,,,,,,,,,,-2.065161453906233,,-0.10339229515612221,0.6511948186666191,
,,,,,,,,,,,,,0.6803029000784927,,-0.06242806019502248,-1.7099419172973012,
,,,,,,,,,,,,,1.712714172427544,,0.03747103203920925,0.028659464835811086,
,,,,,,,,,,,,,1.1195351742666797,,0.08907448262059782,2.905803874529582,
,,,,,,,,,,,,,0.9439903619674871,,0.08503488637808829,0.621659590446567,
,,,,,,,,,,,,,1.7669536186675816,,0.022787077617338218,-0.3769045096660466,
,,,,,,,,,,,,,-0.6007869358423209,,-0.060062667735939455,0.11593341453193887,
,,,,,,,,,,,,,2.9232256067892317,,0.2361856298081194,-2.8029119072986455,
,,,,,,,,,,,,,0.4578598800041271,,-0.16061592989383427,-0.34964043927602484,
,,,,,,,,,,,,,0.7717264613155247,,-0.0778590782248523,-1.2947152518120022,
,,,,,,,,,,,,,-0.5147123887650465,,0.03323615694829312,1.8947723200424986,
,,,,,,,,,,,,,1.1909460637092724,,-0.061725096815790095,-0.6778368686238365,
,,,,,,,,,,,,,-1.197683311229157,,-0.09429715570231405,0.4582051473667161,
,,,,,,,,,,,,,0.416886358247809,,0.02118487675761899,2.083788369820261,
,,,,,,,,,,,,,0.24368936013005282,,-0.003229597061546258,-1.7337077720990939,
,,,,,,,,,,,,,1.6375647621204619,,-0.1312960842920113,0.16832887186942505,
,,,,,,,,,,,,,-1.783052095653064,,-0.1507415610806813,-1.2931702944352428,
,,,,,,,,,,,,,-0.8004018002794311,,-0.06750200282584835,-2.5222545680181407,
,,,,,,,,,,,,,1.4976155610591684,,0.003173836708814755,-2.5618298453764154,
,,,,,,,,,,,,,2.275316374391947,,0.0648386129144535,1.0000797624050262,
,,,,,,,,,,,,,0.7894226795014335,,-0.08297637496377053,1.2674980264959759,
,,,,,,,,,,,,,-0.9068668655978189,,0.0045605257381517664,0.035603869714595796,
,,,,,,,,,,,,,1.612877066153924,,0.11477370821124801,-1.8653877196636786,
,,,,,,,,,,,,,1.934796412565318,,0.1059531171125963,0.8657822376493801,
,,,,,,,,,,,,,0.4040005124608704,,0.015031201298900254,0.7024531175456025,
,,,,,,,,,,,,,4.090057114118251,,0.10341160612445371,0.006974911487420842,
,,,,,,,,,,,,,2.331924224757779,,0.13357278803099762,1.555338769555923,
,,,,,,,,,,,,,-2.2324910120847337,,0.05655875320605991,-0.7341613073206028,
,,,,,,,,,,,,,1.092924034646811,,0.04625798812621324,1.291943977168547,
,,,,,,,,,,,,,0.5958562650264155,,0.07503321603467841,-0.2934261469797525,
,,,,,,,,,,,,,1.0866800612607013,,0.12838626377106624,1.242055253692057,
,,,,,,,,,,,,,2.203761051530747,,0.14073379665389754,1.74603779665973,
,,,,,,,,,,,,,0.3024292020650939,,0.09418088871681463,1.214647162063361,
,,,,,,,,,,,,,-1.0742634284584862,,0.081557644387439,-0.2836695279649327,
,,,,,,,,,,,,,0.178541823126189,,-0.020014636210902027,0.5045894284955127,
,,,,,,,,,,,,,-1.5820614308995016,,-0.18371436478235606,-0.04944465144586696,
,,,,,,,,,,,,,3.2270826913890143,,0.19268958595084207,0.035642910164789376,
,,,,,,,,,,,,,1.760571924440196,,0.057594156615155254,-2.128416071142545,
,,,,,,,,,,,,,-1.0210430316628047,,-0.014912247502410011,-1.0832860964699058,
,,,,,,,,,,,,,-0.1449565202347714,,0.011962792731276395,-1.1470369916613847,
,,,,,,,,,,,,,-0.9594877802306803,,-0.014362609923233299,-0.005232744549852046,
,,,,,,,,,,,,,-1.4308830042628173,,0.055456547248616594,0.8976166298156946,
,,,,,,,,,,,,,0.7791424787717244,,0.1425845400217117,-0.12207930391762417,
,,,,,,,,,,,,,2.068390941214678,,0.17474183750746508,-1.8562618740570256,
,,,,,,,,,,,,,0.06009686569337295,,0.06932162423009906,0.47304999025237177,
,,,,,,,,,,,,,-1.7887912403344874,,-0.10728478379500589,-1.3337561273486223,
,,,,,,,,,,,,,-1.1698999113735562,,-0.017375595711190843,0.25663269975327635,
,,,,,,,,,,,,,0.8705200936975229,,0.07086657313073373,-2.558593901160873,
,,,,,,,,,,,,,-0.28943110918708953,,-0.006363382012674556,-0.4246418099580586,
,,,,,,,,,,,,,2.2407276312521134,,0.18198338606126133,0.8400141587480997,
,,,,,,,,,,,,,-0.28095535891691725,,-0.02341472266479517,-0.4926466750970299,
,,,,,,,,,,,,,2.0618621811289084,,0.09313463630894572,-2.004209382890343,
,,,,,,,,,,,,,-0.6736828273111282,,0.10149104453946788,-1.2197189376970967,
,,,,,,,,,,,,,-1.614847946463442,,0.04488575611831543,-2.177857445457775,
,,,,,,,,,,,,,-1.2692079419668347,,-0.06649300256548925,-1.0319777936807588,
,,,,,,,,,,,,,0.4993244507353839,,0.032272471131970334,0.12539209979248506,
,,,,,,,,,,,,,1.5302090008123226,,0.018664980008173,-1.6575984892229243,
,,,,,,,,,,,,,0.8736333050161381,,0.01265669933624219,-0.30414740660067746,
,,,,,,,,,,,,,0.5189886136148459,,0.07371005815251715,-2.44806626593812,
,,,,,,,,,,,,,-2.9019536779865183,,-0.160134450506091,0.24890482175324768,
,,,,,,,,,,,,,0.4695283873905471,,-0.04147595210447479,1.3920635173347764,
,,,,,,,,,,,,,0.34264887566379804,,-0.022736091315165952,-1.5031441430064767,
,,,,,,,,,,,,,1.267892026525505,,-0.05816255331998367,-2.569544561234916,
,,,,,,,,,,,,,1.4899625440924156,,0.18692035290564124,-1.3161493639499298,
,,,,,,,,,,,,,-0.6095667580428498,,-0.050931634619905825,0.03680545256892751,
,,,,,,,,,,,,,-2.554161543732984,,-0.20584214924692035,1.7291069464976783,
,,,,,,,,,,,,,-3.152635638493062,,-0.24498744876468703,0.7621944525520794,
,,,,,,,,,,,,,1.8055696887458916,,-0.026319453078462757,-1.0218298255808465,
,,,,,,,,,,,,,-0.9210993512234262,,0.04786313689862505,-1.6112969983891579,
,,,,,,,,,,,,,-2.86388078910773,,-0.2958065838211211,2.3000196638012755,
,,,,,,,,,,,,,4.524023020189398,,0.13788795760569791,-0.20886073033088548,
,,,,,,,,,,,,,1.4316662090707901,,0.023055413037407116,0.4932592492726095,
,,,,,,,,,,,,,1.645907371028642,,0.03948182103380629,-0.31106650243250755,
,,,,,,,,,,,,,0.40791109307652623,,-0.04849517851569412,-0.6181416590791693,
,,,,,,,,,,,,,-2.506736539218236,,-0.06276365935025555,1.1013089359410835,
,,,,,,,,,,,,,1.2115641154358139,,-0.046901841636697965,2.349766695139021,
,,,,,,,,,,,,,-0.7035273041695644,,0.04944120543728118,-0.23165863393280195,
,,,,,,,,,,,,,1.6747442264781711,,-0.08487423130435412,0.24467553487470856,
,,,,,,,,,,,,,0.02322014698707342,,0.1376244741265314,-3.069824745314018,
,,,,,,,,,,,,,0.07161180314217115,,0.0938629532433452,-1.2285361874081613,
,,,,,,,,,,,,,-2.922038611325463,,-0.006857172222577012,-2.0541270904679294,
,,,,,,,,,,,,,0.6693785462588637,,0.052384100365719534,0.2969335193764697,
,,,,,,,,,,,,,1.275488707081132,,0.06453908003427063,-1.3372541830247449,
,,,,,,,,,,,,,0.6859300941440046,,0.04610283581575694,1.9248686535781345,
,,,,,,,,,,,,,1.3518103421436365,,-0.08102778955818801,0.5249046596046458,
,,,,,,,,,,,,,1.3396717912277871,,0.06650093791100647,1.3617795740539027,
,,,,,,,,,,,,,2.8322127402265203,,0.07451916908424132,3.4369902106128634,
,,,,,,,,,,,,,1.912476842369437,,-0.0038859606163502763,-0.24103553205176745,
,,,,,,,,,,,,,-0.7319916767299444,,-0.03323280934302492,0.5245687458445426,
,,,,,,,,,,,,,1.2357191164204153,,0.17656145360400946,-3.7639447831171844,
,,,,,,,,,,,,,3.58654672532435,,0.2553643684628597,0.1695175029559042,
,,,,,,,,,,,,,-3.6076720229951746,,-0.19762085811877364,-1.8296863120057965,
,,,,,,,,,,,,,1.905187785973612,,0.09401103084169578,-1.1025123253753615,
,,,,,,,,,,,,,1.3331340219902637,,0.13351989910618633,-0.7274100932797266,
,,,,,,,,,,,,,-2.429223316518565,,0.07678715129552464,-3.5086701002531218,
,,,,,,,,,,,,,0.6004199406947859,,0.11090426261559341,-1.6424015253637303,
,,,,,,,,,,,,,-1.220220482158531,,0.0730476197334541,-0.8321307404362897,
,,,,,,,,,,,,,0.9912370662550768,,0.023554025763032675,-3.0423527409069138,
,,,,,,,,,,,,,-0.3175655213753738,,-0.05752482326335365,0.3057542398523378,
,,,,,,,,,,,,,-0.5206502152125169,,0.0354755885368333,1.3930779291999045,
,,,,,,,,,,,,,3.0258395614975755,,-0.02392382068529136,1.3122809942161084,
,,,,,,,,,,,,,1.3044947343734539,,-0.20302518146577997,-0.5295320831072896,
,,,,,,,,,,,,,-0.7224191530478499,,-0.004065346686422969,1.4100017945968286,
,,,,,,,,,,,,,0.5461576793021301,,0.04809068925101874,-0.20195084996072307,
,,,,,,,,,,,,,0.26085233161281246,,0.02720055832046135,1.3206572841934734,
,,,,,,,,,,,,,-1.229836999925771,,0.18482501423796405,-0.007725307324724346,
,,,,,,,,,,,,,0.836181660587449,,0.2072990272136253,0.89885298557441,
,,,,,,,,,,,,,0.8881914957823891,,0.0973787209519197,-0.9788630318869991,
,,,,,,,,,,,,,2.733873113352846,,0.16989758869343133,1.223379506769422,
,,,,,,,,,,,,,-1.715646053665374,,-0.1566799763999656,-0.3472276222498483,
,,,,,,,,,,,,,1.8618175538207435,,0.33672841732688935,-2.2302992763898812,
,,,,,,,,,,,,,0.2538836296624772,,-0.015248263546155652,0.09337642728947812,
,,,,,,,,,,,,,-2.079467565035545,,0.09846781168678245,0.49092315380928697,
,,,,,,,,,,,,,2.3461995185687132,,0.2640744946163289,-0.28237020075543123,
,,,,,,,,,,,,,1.6761273783031028,,0.10436825430176586,-1.6446217367353548,
,,,,,,,,,,,,,2.4984829442292598,,0.18100295654606138,0.6405885098986124,
,,,,,,,,,,,,,-2.2860096542003197,,-0.17663139312928258,-0.1238338395654396,
,,,,,,,,,,,,,1.0278436872613785,,0.045936591639433706,-1.011396280388566,
,,,,,,,,,,,,,0.2881783489970474,,0.08499163131158798,0.7452734979978604,
,,,,,,,,,,,,,1.5518757104225216,,0.05739187381816339,-0.9038523810986959,
,,,,,,,,,,,,,1.1978455979868738,,0.04521511340952449,-1.108611261582245,
,,,,,,,,,,,,,-1.1998077774224702,,0.053509827454199375,-1.9388236219396953,
,,,,,,,,,,,,,1.9084163668391663,,0.060345542355706515,-0.27981801338070883,
,,,,,,,,,,,,,4.841885563920307,,0.33865816598123927,-1.0499845767708058,
,,,,,,,,,,,,,-2.9997619626365513,,-0.29121153261731797,-2.066013109001743,
,,,,,,,,,,,,,1.7954060284507063,,0.07954822555336417,2.8207271247693138,
,,,,,,,,,,,,,2.8064381894083485,,0.16337732993269924,1.0454128324883307,
,,,,,,,,,,,,,0.25501217137684407,,-0.05341878294174654,1.2788123867510135,
,,,,,,,,,,,,,1.9646958866296247,,0.10675082444950569,-1.7108461882188355,
,,,,,,,,,,,,,1.0050599011594696,,-0.015789617471532756,-0.3034550226390724,
,,,,,,,,,,,,,-2.9801182520842837,,-0.14643081785395773,0.16390183829587743,
,,,,,,,,,,,,,2.635272833209424,,0.0062835089223376725,0.6956049942858324,
,,,,,,,,,,,,,-0.815700150528357,,-0.06128948620534382,-3.1618760264636436,
,,,,,,,,,,,,,0.5723674286233273,,-0.014261124496068625,-0.1628370603910146,
,,,,,,,,,,,,,-1.1627780542394577,,-0.17501046813934595,1.8037109400383073,
,,,,,,,,,,,,,1.2739887890817512,,0.07846087558026134,-0.1841423117883862,
,,,,,,,,,,,,,-1.1555980809113076,,-0.040350821502078464,1.0210537584304489,
,,,,,,,,,,,,,-2.5560189879136543,,-0.1760910101622366,-0.38452786456681337,
,,,,,,,,,,,,,-1.2931040783566725,,-0.1446198274624363,-1.661671341946705,
,,,,,,,,,,,,,0.24428173095984063,,0.03120146923111668,-0.20153176385116522,
,,,,,,,,,,,,,0.13224400944343745,,0.05091659792819724,-0.5558227670990565,
,,,,,,,,,,,,,-0.6795370505917235,,0.10987156330564114,0.7633179242433652,
,,,,,,,,,,,,,1.2631139526148738,,0.08690121363317116,0.4824115423458847,
,,,,,,,,,,,,,0.13201375499076615,,-0.0004162855992187565,-0.6481097928836681,
,,,,,,,,,,,,,2.550179997373829,,0.21004303806843522,-5.478234213322119,
,,,,,,,,,,,,,-4.074822554203955,,-0.336861212117488,-2.3261873962370188,
,,,,,,,,,,,,,-0.6094550406764263,,-0.04969774351861293,0.7594727239196216,
,,,,,,,,,,,,,-0.5043264775136302,,-0.014873137655477073,-1.1257678118599825,
,,,,,,,,,,,,,0.21422710241760431,,0.07001811037348746,-2.389670144832934,
,,,,,,,,,,,,,1.440754373213606,,0.13089982814876422,0.5224032776016986,
,,,,,,,,,,,,,0.6924942300638376,,-0.056799370137867754,-1.7052780536907424,
,,,,,,,,,,,,,1.3822296348932275,,0.018859709396758344,1.0054774559179909,
,,,,,,,,,,,,,-1.3016188206234078,,-0.019539141195541475,1.5791650321167903,
,,,,,,,,,,,,,1.4362578147486513,,0.18447457431368638,-0.44503175979421605,
,,,,,,,,,,,,,2.1068422532761915,,0.1904807217638246,-3.154595697521094,
,,,,,,,,,,,,,1.2854815125497012,,0.08652176652164727,2.4171702752645405,
,,,,,,,,,,,,,1.3872758335544702,,0.006827141860223378,-2.6725497492888945,
,,,,,,,,,,,,,0.46327259837127877,,-0.04732813002455808,-1.190871703460934,
,,,,,,,,,,,,,-1.3036247964175995,,-0.03828802828805437,1.6155024574728727,
,,,,,,,,,,,,,1.4950274579089295,,-0.021784205702161497,-0.5743761788500701,
,,,,,,,,,,,,,-0.7501339112029735,,-0.08188459616284763,-0.9871159258451173,
,,,,,,,,,,,,,-1.4680503003344334,,-0.06566013166455119,-1.912694126485925,
,,,,,,,,,,,,,0.8548634099357516,,0.14539587330983592,-1.4007559665808138,
,,,,,,,,,,,,,-2.6837761316812263,,-0.16911748935249163,0.736542497802088,
,,,,,,,,,,,,,3.338148746466143,,0.09561501761024678,-1.1531886701443586,
,,,,,,,,,,,,,-0.1932521147584016,,0.04986119062695308,-0.9957019006981834,
,,,,,,,,,,,,,2.9918622992165003,,0.038839295788110774,0.1129207853692134,
,,,,,,,,,,,,,1.6759577606166753,,0.20059198749933357,-0.0953267294319989,
,,,,,,,,,,,,,-1.466075491836985,,-0.05978373691036106,0.9007204605168146,
,,,,,,,,,,,,,0.625457464295798,,0.006574750403212148,0.12305329439493003,
,,,,,,,,,,,,,1.9843576628074255,,0.05843742947943941,-3.57332415004565,
,,,,,,,,,,,,,-1.0544952401878034,,-0.10064580606322286,0.8604018256565046,
,,,,,,,,,,,,,1.6711794294849838,,0.09293757850826892,-2.5715749047678953,
,,,,,,,,,,,,,0.7125308125661407,,-0.0798217919970666,-0.2254447119466085,
,,,,,,,,,,,,,-2.0583315202839767,,-0.09139244336780733,-1.223319101594448,
,,,,,,,,,,,,,0.24670257043273927,,0.036447650800707894,0.6006798601903016,
,,,,,,,,,,,,,-2.43200452135516,,-0.1777194621897783,0.8724977168060907,
,,,,,,,,,,,,,1.1828008934756442,,0.09541674740325708,1.4657530110350763,
,,,,,,,,,,,,,-1.2349443264570268,,-0.0828266858697797,-0.8944889880607793,
,,,,,,,,,,,,,0.24418814175372897,,0.06935190494728997,-1.0658811944783677,
,,,,,,,,,,,,,-1.1199154159137987,,0.03372630714282688,-0.11386092084503405,
,,,,,,,,,,,,,-1.676596120151926,,-0.07331703987146887,-0.4482513591572603,
,,,,,,,,,,,,,-1.6003658613155611,,-0.0936806824650545,-0.9625255011618274,
,,,,,,,,,,,,,-2.938145553263902,,-0.19411123930387758,0.1844037064959488,
,,,,,,,,,,,,,-1.550641519079729,,-0.08252191501931752,0.20891136985736522,
,,,,,,,,,,,,,2.4804105086266435,,0.11050412005063674,-1.2959252579275422,
,,,,,,,,,,,,,2.026168375213843,,0.07624123822085833,0.14726214949792682,
,,,,,,,,,,,,,-1.5170838962538225,,0.13224804445546606,1.316802203833637,
,,,,,,,,,,,,,2.1380404544423257,,0.19331294892669912,-1.0189793632698403,
,,,,,,,,,,,,,2.62027777114435,,-0.034156602125704184,-0.9583994182506693,
,,,,,,,,,,,,,1.3717283276259478,,0.08505527382347433,0.32771579032985176,
,,,,,,,,,,,,,4.258206146051308,,0.2833328584287364,-0.3572724763428107,
,,,,,,,,,,,,,-2.5882267286963554,,-0.3953444242434242,1.4279472685626557,
,,,,,,,,,,,,,0.47984986075388314,,0.1367323653956413,-1.319674178687411,
,,,,,,,,,,,,,2.554218219963365,,0.09302495582207838,-0.48559275341521146,
,,,,,,,,,,,,,0.6912927093385229,,0.10432613168813264,-1.9048833571250625,
,,,,,,,,,,,,,0.6497039146114357,,0.02756287322377999,1.3915019962706352,
,,,,,,,,,,,,,3.2994633163805727,,0.1721481812089766,1.647756777481911,
,,,,,,,,,,,,,2.4115307202427965,,0.08752095555128214,0.18874277619100058,
,,,,,,,,,,,,,2.1227490896841723,,0.09348426732784884,-1.8397650302160053,
,,,,,,,,,,,,,1.5024685979508414,,0.2948451526066842,2.0572146441639707,
,,,,,,,,,,,,,-1.0224818061768193,,0.00757088229141523,1.6197618097742437,
,,,,,,,,,,,,,1.9399455070278986,,0.0015467863499407902,-0.6944639909855663,
,,,,,,,,,,,,,-0.352965167205026,,0.07125554201116632,1.8645260842157039,
,,,,,,,,,,,,,-0.4856243622996634,,-0.09563244872645947,-0.03963100744418827,
,,,,,,,,,,,,,-2.739020246814797,,-0.2610660958631324,-0.6056440821368099,
,,,,,,,,,,,,,0.6620644847592664,,-0.042753559131171855,-1.563410121480323,
,,,,,,,,,,,,,1.9155153366733475,,0.30292263420801074,-1.319828598526351,
,,,,,,,,,,,,,-0.9002287950610834,,-0.0896227527722072,0.2484610228382564,
,,,,,,,,,,,,,-0.41563822971395453,,0.08710969703382207,0.5161921340108112,
,,,,,,,,,,,,,-1.962212859605801,,-0.160868382690641,-0.12063878488285402,
,,,,,,,,,,,,,-0.43482786295881093,,-0.02397369689470615,0.5124158482899258,
,,,,,,,,,,,,,-1.831395984666074,,-0.2739305866000478,1.667663216753151,
,,,,,,,,,,,,,-1.0324382480912182,,-0.11133193175605273,-0.8282701574015043,
,,,,,,,,,,,,,0.4377305994825394,,0.13444002565237936,1.4386878295649086,
,,,,,,,,,,,,,-1.1838296821288552,,-0.02322094774436424,0.1209130063177264,
,,,,,,,,,,,,,1.3011091997218052,,0.05962377526235096,0.53875040688886,
,,,,,,,,,,,,,0.8555021081898175,,0.05918657799009739,0.8295760967967712,
,,,,,,,,,,,,,0.8310692830085054,,-0.20635416976021756,-1.1991971167389077,
,,,,,,,,,,,,,0.15150427075321354,,0.010476668573425158,-0.9665273111242574,
,,,,,,,,,,,,,-0.9390534217625498,,-0.009945225437546569,0.9190454436121249,
,,,,,,,,,,,,,0.5916867590996858,,0.00765977682126632,-0.18895310595994483,
,,,,,,,,,,,,,-2.1878575618703695,,-0.019655046340141716,0.22857419904960988,
,,,,,,,,,,,,,0.9997092591414063,,-0.05351486153689281,-0.030297234029189195,
,,,,,,,,,,,,,0.32981806688385157,,0.018193211059614724,1.6671480120813715,
,,,,,,,,,,,,,0.4298704804205843,,-0.013248580706311464,0.5220166340820763,
,,,,,,,,,,,,,0.361614422642528,,0.1266319005176841,-0.09606551676236773,
,,,,,,,,,,,,,2.5744806504462514,,0.13100607169630699,1.3987273737485184,
,,,,,,,,,,,,,0.7239224297104361,,-0.07801552919755994,0.8703624160374379,
,,,,,,,,,,,,,-0.6728255225636622,,0.05190579573701631,-2.37309756842887,
,,,,,,,,,,,,,1.485690780823909,,0.10443013178241922,-2.6961095964822586,
,,,,,,,,,,,,,2.4106090391401005,,0.21529236756640535,-0.7621012555616946,
,,,,,,,,,,,,,2.1869807895702973,,-0.00017331744805638185,1.3192237060968566,
,,,,,,,,,,,,,1.4529962120211029,,0.0346020574978172,0.3825847730706915,
,,,,,,,,,,,,,-4.0503764902207315,,-0.2938062231714396,-1.1278707503225405,
,,,,,,,,,,,,,0.32244312219486015,,-0.055369166671383266,0.8172554548478924,
,,,,,,,,,,,,,-1.1079755160317717,,-0.10380244358258356,0.3567111590206639,
,,,,,,,,,,,,,3.96772823227087,,0.14781475934736119,-3.9773991060626472,
,,,,,,,,,,,,,-0.39418927615686356,,-0.009009507072355077,1.2681343297384724,
,,,,,,,,,,,,,1.7308151607010775,,0.07720071573766617,-0.31668146358221433,
,,,,,,,,,,,,,2.9263825839438433,,0.17630737645060254,-0.6628393580743611,
,,,,,,,,,,,,,2.1802640496093364,,0.18518150007932116,-0.5728799718916034,
,,,,,,,,,,,,,-1.316637474332268,,0.19534756457736446,0.5993076409225134,
,,,,,,,,,,,,,0.6208410771130443,,-0.015606191930275662,0.7199877166095988,
,,,,,,,,,,,,,2.7800328429797,,0.0655065065890877,-0.16088354402307828,
,,,,,,,,,,,,,-0.32574324835099494,,-0.011003174860302245,1.1731820857048445,
,,,,,,,,,,,,,1.5264916301006903,,0.06418323217658786,-2.078445218768334,
,,,,,,,,,,,,,-1.328115995936655,,-0.004023857588326576,2.0573831701426872,
,,,,,,,,,,,,,-0.24907499378971912,,0.01803244106599889,0.7863732806159505,
,,,,,,,,,,,,,-0.48852654310828697,,0.028202441777697804,1.5862669827550149,
,,,,,,,,,,,,,4.164121312750745,,0.18780882987731273,-0.6177710063350474,
,,,,,,,,,,,,,1.1847497686091737,,0.046459392997837065,-0.6635397548725047,
,,,,,,,,,,,,,0.4196390676320207,,-0.0633667565497424,0.5512994659216152,
,,,,,,,,,,,,,3.5901760969910232,,0.20861615749672885,1.1847896910922016,
,,,,,,,,,,,,,0.8607803224949306,,-0.020788546791070023,1.311603986292997,
,,,,,,,,,,,,,-1.4558208341835943,,-0.060988652206939026,0.6812315618056253,
,,,,,,,,,,,,,-2.4121963083920157,,-0.1521002196435672,2.7119137380770577,
,,,,,,,,,,,,,0.42070014234303554,,0.03650150495127025,-1.6171178041297358,
,,,,,,,,,,,,,0.4322026512432239,,0.07446200869329327,0.8124386179122893,
,,,,,,,,,,,,,0.7366669975180737,,0.11396770626391253,-0.17896178671042365,
,,,,,,,,,,,,,1.3093253923002088,,0.10219637363758795,-2.2249290417947303,
,,,,,,,,,,,,,2.4862514460911247,,-0.08892656254889648,-1.3183564150833258,
,,,,,,,,,,,,,-0.5446804369997957,,-0.012147169482448402,-0.9524574937185176,
,,,,,,,,,,,,,3.288453551519269,,0.18163706992157008,2.0336961677662653,
,,,,,,,,,,,,,0.8203495247342747,,0.15164384331907135,-2.0271693075154507,
,,,,,,,,,,,,,1.240272729167608,,0.1358828462395498,1.0876067042292112,
,,,,,,,,,,,,,2.1476698529725744,,-0.03704674507266924,1.867356316217208,
,,,,,,,,,,,,,0.563632110570774,,0.05240020681118697,-0.5219340593600359,
,,,,,,,,,,,,,1.7253250413762746,,0.39154187393800693,-0.08253521284210674,
,,,,,,,,,,,,,0.23644945605387235,,-0.05200274883273294,0.7125220801181807,
,,,,,,,,,,,,,0.5956666639489743,,0.07371254858409841,-1.187167059249315,
,,,,,,,,,,,,,1.747933739960146,,0.21491481584471678,-2.6125578563726246,
,,,,,,,,,,,,,-1.627322794578041,,-0.1480229455303392,0.21293468750528133,
,,,,,,,,,,,,,-0.6841417812557489,,-0.07868726197724965,-1.6078496053226377,
,,,,,,,,,,,,,0.9407879789004011,,0.188355966183802,0.19762455005050877,
,,,,,,,,,,,,,1.83423132942893,,0.18478880653304508,1.7949523146893298,
,,,,,,,,,,,,,1.3878621258641668,,-0.03996318947536859,-0.8148767829377271,
,,,,,,,,,,,,,-1.6008022482525626,,-0.04966054231991984,-0.6357572496479929,
,,,,,,,,,,,,,3.262041145307081,,-0.0255069772196853,-1.6854465899606865,
,,,,,,,,,,,,,0.6128535872061549,,0.0513909814467938,-1.6054534133292186,
,,,,,,,,,,,,,1.1453911941033068,,0.08364535246644196,1.9751061781029002,
,,,,,,,,,,,,,0.7954323572273696,,-0.07375124784821964,4.14051386915479,
,,,,,,,,,,,,,-2.234592649442927,,-0.14797325416193602,1.659931045264358,
,,,,,,,,,,,,,1.735271842602066,,0.10771224078448434,-0.9298308280010705,
,,,,,,,,,,,,,0.11007782672021149,,0.055611061790978605,-0.27969124455249883,
,,,,,,,,,,,,,0.8607309938598718,,-0.062332102687438086,0.9374909008172122,
,,,,,,,,,,,,,-3.3073683074146163,,-0.2079628227169293,-1.4844506929771097,
,,,,,,,,,,,,,-0.7482509584172584,,0.07035370939403073,0.34600064485382687,
,,,,,,,,,,,,,0.6431710139429765,,0.13700711912648902,0.41385579315812066,
,,,,,,,,,,,,,0.13039393127445262,,-0.03098171815884587,1.851317340979453,
,,,,,,,,,,,,,3.1418049624952795,,0.31646265296530557,-1.9540703483763013,
,,,,,,,,,,,,,2.9974497793270722,,0.25444912660861857,-0.3004831335982177,
,,,,,,,,,,,,,-1.559161182057,,-0.025827294540129504,-0.7143071599629423,
,,,,,,,,,,,,,1.4233108906428737,,0.10589418867303768,0.4144370929976613,
,,,,,,,,,,,,,1.5181030138805354,,0.14248463121974853,-1.12772141847623,
,,,,,,,,,,,,,0.8474402975949251,,-0.13988912099649378,-1.581398138321482,
,,,,,,,,,,,,,-1.5166549310737083,,-0.15091741813796744,0.11725728196255614,
,,,,,,,,,,,,,1.2288057823367833,,0.064534204862332,-0.4816737437316817,
,,,,,,,,,,,,,0.3719665849164052,,-0.07770191073271136,0.022479794551885063,
,,,,,,,,,,,,,0.19178331388810327,,0.09217178955616276,1.5978579345695152,
,,,,,,,,,,,,,0.3768958167753935,,-0.08608453250126412,-1.0392993495240663,
,,,,,,,,,,,,,-1.5620459966603688,,-0.013508977930988644,-1.379047264024793,
,,,,,,,,,,,,,-0.4945250570278688,,0.020283106019904303,0.5384843046911445,
,,,,,,,,,,,,,-0.9336667265709833,,-0.025072418599142523,-0.20702623358706276,
,,,,,,,,,,,,,1.503519418495756,,0.12141285658364874,-0.8868751115088817,
,,,,,,,,,,,,,-0.9884811736007401,,0.01805288766059912,-0.8395960749400208,
,,,,,,,,,,,,,0.9102786203661597,,0.03798977843285196,0.22153351155508516,
,,,,,,,,,,,,,1.2760645440339011,,-0.14078867794416056,-0.45341707111544494,
,,,,,,,,,,,,,-3.3739927964190337,,-0.3377203685089874,-1.6738704439773906,
,,,,,,,,,,,,,2.688715485359296,,0.041436251751202365,0.21565143918142507,
,,,,,,,,,,,,,1.2340740106508696,,0.09155579449361817,1.7733814927336957,
,,,,,,,,,,,,,2.062336471073078,,0.025661851249313226,-4.253795859078333,
,,,,,,,,,,,,,0.43030444914403654,,-0.1341887421713894,2.3990734331779953,
,,,,,,,,,,,,,-2.3651635268712643,,-0.11295848255826446,0.7266907853839424,
,,,,,,,,,,,,,-1.2096292370662518,,0.04173887282953484,1.2851611948312247,
,,,,,,,,,,,,,0.05476453603844121,,-0.0018729146577932015,0.9438564819898304,
,,,,,,,,,,,,,-1.0951944077712277,,-0.0781173588217578,1.081732427873826,
,,,,,,,,,,,,,2.5003314949652267,,0.2038537223288442,-1.48872854596075,
,,,,,,,,,,,,,-2.5242263671038376,,-0.14851975930754494,0.07907081422440361,
,,,,,,,,,,,,,2.5503813062508978,,0.018361103059795963,-0.7480203661464762,
,,,,,,,,,,,,,4.107007997545517,,0.23334702028311805,-0.261524611931412,
,,,,,,,,,,,,,-0.8787490359415793,,0.011400485137335555,0.8330610776656637,
,,,,,,,,,,,,,2.874779164635345,,0.18702226465784239,-0.2264810895596566,
,,,,,,,,,,,,,-2.6006040344898054,,-0.20190911617212254,-2.3840233403081874,
,,,,,,,,,,,,,-0.6941603646278391,,0.14298409304211163,-0.3353298650831406,
,,,,,,,,,,,,,2.8281763115951146,,0.22823392140860657,-0.7785114509138283,
,,,,,,,,,,,,,2.2634878749053415,,0.11402460850582381,0.5952568367971574,
,,,,,,,,,,,,,-2.8513958936484944,,-0.31730637612104484,-1.7966678713771802,
,,,,,,,,,,,,,0.18938668257579636,,0.03544869293201418,-0.5389380472405262,
,,,,,,,,,,,,,0.8207643799656865,,0.07577202252189406,-0.3953208721908664,
,,,,,,,,,,,,,0.3327553055198735,,0.22523293953702322,0.40352504871813394,
,,,,,,,,,,,,,1.7454463072116317,,0.08437739965014959,0.1448133309851909,
,,,,,,,,,,,,,1.2406082215781848,,-0.008131551684255667,1.9844781451923796,
,,,,,,,,,,,,,2.661204346892625,,0.2518358161129274,-1.1277829037107847,
,,,,,,,,,,,,,2.0349506256619567,,-0.024130401354724055,-0.1830041838375709,
,,,,,,,,,,,,,-1.2712475541143065,,-0.049328952599815346,1.035735687566913,
,,,,,,,,,,,,,2.6653170751555324,,0.09541599240424023,-1.1105063255533418,
,,,,,,,,,,,,,1.0928327986523414,,-0.04356776177021453,0.3184220787300352,
,,,,,,,,,,,,,0.924945051742908,,0.06247380936226379,1.4513614780580966,
,,,,,,,,,,,,,1.4229313404605242,,0.12978416740315787,-1.409934985855049,
,,,,,,,,,,,,,1.5752138065278551,,0.07477372308649081,-2.1873762383286257,
,,,,,,,,,,,,,2.4409106506737093,,0.16311211302126924,-0.3753246990124581,
,,,,,,,,,,,,,0.9760906085169525,,0.16474003040140475,1.225197168033134,
,,,,,,,,,,,,,0.5085153041662431,,0.0872054403608807,-0.9425214419137193,
,,,,,,,,,,,,,3.686321250676713,,0.2776221417237472,-1.2651622760066417,
,,,,,,,,,,,,,1.1777047925382091,,0.04677700942875051,0.44065746743709167,
,,,,,,,,,,,,,-1.4153075981572587,,0.05250126662471368,0.6049676453547648,
,,,,,,,,,,,,,-1.16609690331102,,-0.10652889474242852,-0.10162928096762089,
,,,,,,,,,,,,,0.6634750115864505,,0.13829939481231923,1.1348713169731466,
,,,,,,,,,,,,,0.9490817101312874,,0.19202697450517725,1.6558572589085012,
,,,,,,,,,,,,,-1.5880186100472151,,-0.05836909493880093,1.0184676445764502,
,,,,,,,,,,,,,1.3903611621310086,,0.10863261384070368,1.6705986859998052,
,,,,,,,,,,,,,-0.44966721810675564,,-0.002247937350483655,-1.6802735392914352,
,,,,,,,,,,,,,-1.022737908949949,,-0.15948582910627124,1.3379627068378257,
,,,,,,,,,,,,,1.0877556931127388,,0.13547468265218937,1.7761628682173765,
,,,,,,,,,,,,,1.3594798902372511,,0.004651124758000982,-0.50294966529889,
,,,,,,,,,,,,,1.3849692536037732,,0.12078896870613659,-1.5345264887926198,
,,,,,,,,,,,,,0.5868123807137803,,0.08684248629402602,1.7659561126425507,
,,,,,,,,,,,,,2.4029809030477156,,0.18469625507067294,0.437243004280037,
,,,,,,,,,,,,,-0.7702635240675361,,-0.016982979246656593,0.2683103535886595,
,,,,,,,,,,,,,2.6408482759930534,,-0.10746573674245026,-1.3901352324819551,
,,,,,,,,,,,,,1.3358391005735684,,0.07300024402048454,-0.09179078688676423,
,,,,,,,,,,,,,0.9705286758644514,,-0.029070524209305754,1.5243943395035389,
,,,,,,,,,,,,,1.6495542875213645,,0.14016818234646244,-0.5230918060705894,
,,,,,,,,,,,,,1.1949408073409264,,0.14137167339458584,-1.3977880336582416,
,,,,,,,,,,,,,-1.3562907162908537,,-0.14110887943314457,0.09639547956947139,
,,,,,,,,,,,,,0.9689026292408499,,0.18343531624720477,-2.5115891688698477,
,,,,,,,,,,,,,1.4963656499846791,,0.12032165869012393,2.3080678576003293,
,,,,,,,,,,,,,1.9042775049573395,,0.14766152923595469,1.0491682032698262,
,,,,,,,,,,,,,0.7831141482719265,,-0.003805835417783411,3.9926277889914936,
,,,,,,,,,,,,,-0.5862960171109292,,-0.06883065806961829,-0.6008395342342149,
,,,,,,,,,,,,,0.8361532492731175,,-0.008493650867724977,1.0408617367266277,
,,,,,,,,,,,,,-0.8632682740044179,,-0.0640475428875667,2.633360069949438,
,,,,,,,,,,,,,-1.5099719219129875,,-0.03975937352780854,4.41815354005359,
,,,,,,,,,,,,,2.236147153728731,,0.21155678572108813,-2.7394813198789296,
,,,,,,,,,,,,,-1.7679023687424407,,-0.09890734961779321,-1.065046939203289,
,,,,,,,,,,,,,2.0346765527174915,,0.0976220470668812,-3.3133024295268285,
,,,,,,,,,,,,,0.4732717295154407,,0.013117427935838168,-1.1423671008859386,
,,,,,,,,,,,,,2.202011245139561,,-0.028116948555773996,-1.3220667573015767,
,,,,,,,,,,,,,-1.3381205963749951,,-0.0934186531902943,0.7669310450377828,
,,,,,,,,,,,,,1.0371124755490926,,-0.04967170562851948,2.6123528578890935,
,,,,,,,,,,,,,3.3331678011136874,,0.29243292963681994,-2.2997979006512366,
,,,,,,,,,,,,,1.1517519992649137,,0.18333430947392987,2.2590835527248205,
,,,,,,,,,,,,,2.7925519285870277,,0.03363529336486204,1.652617913006799,
,,,,,,,,,,,,,2.556838557436359,,0.004640072042330505,0.7713100381639453,
,,,,,,,,,,,,,1.5189061498126182,,0.2290173634531578,-1.297400114921347,
,,,,,,,,,,,,,0.7058725014959493,,-0.028821691158669095,0.05463069922021349,
,,,,,,,,,,,,,-2.1743356570988897,,-0.15672099305176665,2.1294524042297494,
,,,,,,,,,,,,,2.7815579427635844,,0.1706435769951251,0.7145881046774413,
,,,,,,,,,,,,,1.428658807474853,,0.1225578116311828,-1.7693890580707585,
,,,,,,,,,,,,,-0.5422457924080253,,-0.007697913086432437,1.3405416493150033,
,,,,,,,,,,,,,1.8803491610037082,,0.09588564348047915,1.1956075981089662,
,,,,,,,,,,,,,0.22604897879631977,,-0.03331985520525834,1.440894320926855,
,,,,,,,,,,,,,1.030012321415358,,0.005887230384524233,-3.1889543634143744,
,,,,,,,,,,,,,1.7811153553125005,,0.015100190038944531,0.8562788199929398,
,,,,,,,,,,,,,-1.0451687112092916,,-0.06102606955306547,0.506324409785074,
,,,,,,,,,,,,,2.170211569959841,,0.11562794345937658,0.5755234302487463,
,,,,,,,,,,,,,-0.3362129140573186,,0.020936244401120477,1.6931704641723955,
,,,,,,,,,,,,,2.011883702122049,,0.15935433085114092,-0.8383214952679325,
,,,,,,,,,,,,,-3.0136970155542517,,0.03454250456059983,0.6727464584020206,
,,,,,,,,,,,,,3.067237965435006,,0.15752265657393408,-1.1050458120924083,
,,,,,,,,,,,,,0.695470958511114,,0.05086396562900707,-1.8000898572920405,
,,,,,,,,,,,,,0.9766191391019875,,0.12413475873298596,-0.7942559923831047,
,,,,,,,,,,,,,-0.6327453625253119,,0.07180547426190712,-0.01892206653772499,
,,,,,,,,,,,,,-1.6572121861887608,,0.03813259154607438,-0.7475690698934547,
,,,,,,,,,,,,,-0.9763960988589545,,-0.10534206594456838,-0.49638682108752963,
,,,,,,,,,,,,,0.9340569583512528,,0.13774531171658505,1.6073332680090457,
,,,,,,,,,,,,,-0.4797624525828826,,-0.0614771428176194,0.06630620863234456,
,,,,,,,,,,,,,-0.5492769297458228,,-0.015420470824549237,-0.32584342569834296,
,,,,,,,,,,,,,-1.3211529168565215,,-0.0650290421708263,0.4744720588275988,
,,,,,,,,,,,,,1.5870146331307848,,0.07409575014692,-1.6672036027413188,
,,,,,,,,,,,,,0.6562414755083564,,0.005433269419210951,1.2710005499768602,
,,,,,,,,,,,,,-0.2190128824833383,,0.07399079455672168,-0.9395317839871825,
,,,,,,,,,,,,,0.8379374664489004,,-0.16071819144894003,-0.7016115082075103,
,,,,,,,,,,,,,0.7868085979193221,,0.15082160472092218,-0.41473749807751564,
,,,,,,,,,,,,,1.0635588022673013,,0.1432306514923854,0.6828575753372829,
,,,,,,,,,,,,,1.791983121911753,,0.10008799695793165,-1.697662324808118,
,,,,,,,,,,,,,1.0039160808489986,,-0.025833119003993047,-1.6075612564731854,
,,,,,,,,,,,,,0.7468450121646878,,-0.04739217777828457,1.014301129169528,
,,,,,,,,,,,,,0.37898210537396027,,-0.020803162961586165,-0.8197234559066319,
,,,,,,,,,,,,,0.8493666142009257,,0.03394131038313606,2.827701251808713,
,,,,,,,,,,,,,-1.385083047850092,,-0.059057108064452586,0.927272258761468,
,,,,,,,,,,,,,-1.0542783620708502,,-0.07748046822829627,-4.849567168325304,
,,,,,,,,,,,,,-0.5639037071328223,,-0.008025781435525318,0.11154662163874801,
,,,,,,,,,,,,,-1.0802711232259716,,-0.10924046435215679,-0.9060628268269291,
,,,,,,,,,,,,,0.8359908149792546,,-0.012203719733861558,-0.6830715643568546,
,,,,,,,,,,,,,-1.1585782490136745,,-0.12487272270962498,0.33559660277957554,
,,,,,,,,,,,,,-1.5871575778317806,,-0.18224029585199905,-2.438714994727545,
,,,,,,,,,,,,,-2.772975883020821,,-0.2866153729641691,-2.358049933662052,
,,,,,,,,,,,,,0.1524964241642229,,0.06296537585885394,0.46063912333004514,
,,,,,,,,,,,,,1.870782454725578,,-0.024698452149376972,1.4342134493412273,
,,,,,,,,,,,,,2.800960071529125,,0.1618370026026555,0.6224958927099321,
,,,,,,,,,,,,,-0.37883452201720974,,-0.0633049001288159,-0.32258096858025476,
,,,,,,,,,,,,,3.413164218259485,,0.2695249631363858,2.044999400792555,
,,,,,,,,,,,,,1.2265271299304696,,0.09951959209657993,-3.055016071015433,
,,,,,,,,,,,,,-1.0422385947467363,,0.025525564236592302,1.1860452880959982,
,,,,,,,,,,,,,-0.8228559110452989,,-0.03934886183393331,0.47177042196717794,
,,,,,,,,,,,,,1.2717051812817024,,0.14989913633243984,-1.1988678685563448,
,,,,,,,,,,,,,2.0370296416096836,,-0.0034361201307190397,-0.9149634671236556,
,,,,,,,,,,,,,4.157073207754626,,0.2800453594568209,-1.5874353134189114,
,,,,,,,,,,,,,0.11817031032247642,,0.017534280857113286,1.1318246870610875,
,,,,,,,,,,,,,0.26850330713504755,,0.0505759655562582,0.23245703367194476,
,,,,,,,,,,,,,-1.6741136903013905,,-0.1033147900492515,0.8016038917015984,
,,,,,,,,,,,,,0.4715114386942317,,-0.05742192178648571,-1.4024517527609028,
,,,,,,,,,,,,,1.1287474266311304,,-0.10248097307506172,1.8558173549508488,
,,,,,,,,,,,,,2.368266618208831,,0.008454791132778187,0.8712990723230747,
,,,,,,,,,,,,,0.49448537057858744,,-0.021181117353409308,0.021581840023033986,
,,,,,,,,,,,,,2.3356832536853194,,0.05094994917252354,-0.5127556456657794,
,,,,,,,,,,,,,4.682217872725456,,0.240927152087012,1.0717740343838238,
,,,,,,,,,,,,,2.2573329750652054,,0.11764182370380977,1.2637166266543365,
,,,,,,,,,,,,,2.840127230254902,,0.22237099327486226,-2.169960208947349,
,,,,,,,,,,,,,0.9192440102870832,,-0.012615109623919358,0.11396479265983582,
,,,,,,,,,,,,,4.09581710213408,,0.22793410975017944,-1.6735223223322226,
,,,,,,,,,,,,,1.140085940184277,,-0.08937922463785546,-1.5220911790153235,
,,,,,,,,,,,,,-1.210831749070263,,-0.053022117490289386,-0.8688595478958228,
,,,,,,,,,,,,,0.3878627510348046,,-0.03433830949915951,1.2641313611390763,
,,,,,,,,,,,,,-1.6928300573662551,,-0.16572781616180438,0.19979528073820657,
,,,,,,,,,,,,,0.779482209957895,,-0.010945708188653173,-0.9283215506313636,
,,,,,,,,,,,,,1.4974954105184206,,0.09110450956071742,-1.7919269281260997,
,,,,,,,,,,,,,-1.426378923977377,,-0.016067129311555396,-0.07539594589326977,
,,,,,,,,,,,,,3.5323244523853825,,0.16283245556571033,1.29365188971601,
,,,,,,,,,,,,,1.2485253404972636,,-0.0633560505122312,2.336727451319552,
,,,,,,,,,,,,,0.6347725136119668,,0.075262786218437,-0.4450769282046844,
,,,,,,,,,,,,,3.6324481224283636,,0.2257295757578651,-0.2491626019945334,
,,,,,,,,,,,,,-0.6064323821053964,,-0.02032382597927799,-0.8843261884540625,
,,,,,,,,,,,,,-2.130257674383251,,-0.04223537311329032,2.078632596996361,
,,,,,,,,,,,,,-0.7531095987359965,,0.05100554711495394,0.8114853417004951,
,,,,,,,,,,,,,0.4704296864961993,,-0.004041340088614702,2.812333871113843,
,,,,,,,,,,,,,0.5180500902910138,,-0.05709902545531238,-1.857914638187907,
,,,,,,,,,,,,,2.8206037086830458,,-0.02898814347280846,4.0103665954012975,
,,,,,,,,,,,,,-0.7130282124019353,,0.0281810951736061,-1.0816936648374873,
,,,,,,,,,,,,,1.0633042444630225,,0.12245444562722228,-2.3614079721817522,
,,,,,,,,,,,,,1.3201537215106423,,0.032583333884680155,-0.17566404494501925,
,,,,,,,,,,,,,-1.9244831553526887,,-0.16004102066236647,1.292051666725972,
,,,,,,,,,,,,,0.7006345613409589,,0.04805014812973694,-0.7596828413869927,
,,,,,,,,,,,,,-1.261049676850795,,-0.045857645192994935,-0.8927056636788167,
,,,,,,,,,,,,,1.8360254610375126,,0.2953512159550917,-1.078485473526325,
,,,,,,,,,,,,,2.913562438413213,,0.04519494765294077,1.1828504724828446,
,,,,,,,,,,,,,-2.542571490949732,,-0.1387827650757543,-0.3087174828710889,
,,,,,,,,,,,,,-1.1683175251712312,,-0.013642354990182678,-0.5667066439650467,
,,,,,,,,,,,,,-1.7475937658702312,,-0.15543894857397603,1.2433921031023252,
,,,,,,,,,,,,,1.5395331520113003,,0.10030621735277981,0.24483720463302144,
,,,,,,,,,,,,,1.457989509703213,,0.20316455947929166,1.9140674765593595,
,,,,,,,,,,,,,0.9030450834319925,,-0.08231297989804418,1.2069385121330873,
,,,,,,,,,,,,,-2.5444948896684125,,-0.07197674955683622,-0.13305732910230625,
,,,,,,,,,,,,,4.3224881337317305,,0.2114485373726794,-1.7137400512842733,
,,,,,,,,,,,,,1.6050078560253254,,0.038944041001764254,2.300920790186103,
,,,,,,,,,,,,,-2.362178423680898,,-0.20448886497717933,-1.0438451028151012,
,,,,,,,,,,,,,0.317571186200341,,0.05836876166807125,0.6845091672830829,
,,,,,,,,,,,,,1.6834739027154608,,0.18150106479626318,-1.1339374386120344,
,,,,,,,,,,,,,1.7040640048673166,,0.09057138317981049,-1.4730531390912933,
,,,,,,,,,,,,,1.2636501308310366,,0.0671655971143066,0.3222644673048069,
,,,,,,,,,,,,,0.1880810891822103,,0.06375748054546543,-1.1516777692332398,
,,,,,,,,,,,,,-1.5344033846321017,,-0.037445032320257476,-0.5661179455300437,
,,,,,,,,,,,,,1.0830226285093554,,0.05635004185276027,1.592342903821122,
,,,,,,,,,,,,,1.1408889155774815,,0.0471576771433583,2.6885335525361724,
,,,,,,,,,,,,,-1.2471280548749393,,-0.17856051330360193,-3.4592636434923003,
,,,,,,,,,,,,,1.504981088784786,,0.05426816744602608,-0.7932272300372362,
,,,,,,,,,,,,,0.5024508177662069,,-0.02929975032911186,-1.6847408494369331,
,,,,,,,,,,,,,1.941102788577979,,-0.11781388583109816,0.630808617397687,
,,,,,,,,,,,,,-1.4107010227457635,,-0.14369850385994126,1.4842550860613504,
,,,,,,,,,,,,,-0.6090103483181661,,-0.03508404047362707,-0.9512199012244323,
,,,,,,,,,,,,,0.5991093471104412,,-0.01928668270678305,1.5867079577516543,
,,,,,,,,,,,,,-0.8504271397431845,,0.0763884889249574,-1.0810526025771419,
,,,,,,,,,,,,,1.5453498953305904,,0.0363936895144394,-2.7260873934722034,
,,,,,,,,,,,,,-1.2754546678663221,,-0.029666974397623683,0.893563316222043,
,,,,,,,,,,,,,-0.5996880065097892,,0.025530901169615223,0.4260382186171139,
,,,,,,,,,,,,,0.7542283155009428,,0.057006016475179465,-2.273699158230078,
,,,,,,,,,,,,,-0.7069325610032713,,-0.04070736386893911,4.36510637817941,
,,,,,,,,,,,,,0.08514750555782136,,0.005011199103296588,-0.8785953886299487,
,,,,,,,,,,,,,-1.6056915887864314,,-0.03650575908137569,-0.5796491203340547,
,,,,,,,,,,,,,1.7400629594703132,,0.12121797898665476,0.6549727492119921,
,,,,,,,,,,,,,3.6940104286599023,,0.21948469505819324,-0.2134173335323669,
,,,,,,,,,,,,,2.689074448151295,,-0.02067717065754192,0.07461989757917528,
,,,,,,,,,,,,,1.0197876218509339,,-0.07516526102093203,1.9451342822764082,
,,,,,,,,,,,,,1.029209835824572,,-0.012058123581567763,-0.34148518008006906,
,,,,,,,,,,,,,2.029043702140312,,0.09096676596631482,-1.3451811302741716,
,,,,,,,,,,,,,-1.309664326000226,,-0.24383090344483163,-1.0190912811278237,
,,,,,,,,,,,,,1.8551691007752182,,0.25593724436490306,-0.46264754003424313,
,,,,,,,,,,,,,1.1180812712536818,,-0.08181069659333551,1.2640805844162573,
,,,,,,,,,,,,,-1.5460915470297676,,-0.2076767380231333,2.2342446738448425,
,,,,,,,,,,,,,1.2921196257380945,,0.05029623156143216,-0.06413912597236664,
,,,,,,,,,,,,,-1.2747454285345328,,0.017342265514749315,0.4071180815179873,
,,,,,,,,,,,,,-0.717379131971173,,0.04413005702875103,0.5947826492346522,
,,,,,,,,,,,,,0.3867701480173243,,0.058706269556964306,0.8858190108434347,
,,,,,,,,,,,,,0.8149837533252915,,0.1406803720125839,-0.33570871268415076,
,,,,,,,,,,,,,1.1334784771692732,,0.005871409213594042,1.5596831516076446,
,,,,,,,,,,,,,-2.3849339703488943,,-0.17962207322669063,-2.592571404273434,
,,,,,,,,,,,,,-0.823575457281126,,-0.08523832336146574,-2.155802466018538,
,,,,,,,,,,,,,1.496529327580781,,0.020684262958039445,-2.1633627903420125,
,,,,,,,,,,,,,-1.7185853108303824,,-0.11073125681421973,0.4651547722395021,
,,,,,,,,,,,,,2.6440596976423256,,0.1582165697353469,-0.5173950921030893,
,,,,,,,,,,,,,1.1553219516256017,,0.06614105615393324,0.5603961761636187,
,,,,,,,,,,,,,2.8857762754992615,,0.29424145533285795,0.7898476356411902,
,,,,,,,,,,,,,0.5854091780693338,,0.0049668389093814784,0.2740317320272529,
,,,,,,,,,,,,,-2.436121908775876,,-0.2263593078822468,-0.9886192993457749,
,,,,,,,,,,,,,0.69427553651054,,0.06653051832388934,-1.8857591627785963,
,,,,,,,,,,,,,0.8142061394232742,,0.07687950813160281,0.8559504160368664,
,,,,,,,,,,,,,-2.032366174555253,,-0.03512009552517104,2.493310344996402,
,,,,,,,,,,,,,-1.4132363558787295,,-0.05942416925272588,-0.5547487933526629,
,,,,,,,,,,,,,0.3680840152196348,,-0.07799676445874501,0.05237942446167091,
,,,,,,,,,,,,,4.327511050684357,,0.21988045711752088,-1.1535126088947099,
,,,,,,,,,,,,,-0.5224168467105789,,-0.07490456716275011,0.4390188018696861,
,,,,,,,,,,,,,-0.2913604750320897,,0.07567816652779502,-0.19334991531617993,
,,,,,,,,,,,,,-1.2526426544495648,,-0.21419835897164766,-3.005164072147579,
,,,,,,,,,,,,,0.3757385573305951,,0.06332624276912306,-0.5652886881926004,
,,,,,,,,,,,,,1.1836928431876055,,0.016685228270168925,-0.5047017087417704,
,,,,,,,,,,,,,1.508232074572541,,-0.12663174974366362,-1.3604192625287461,
,,,,,,,,,,,,,0.37737316235349105,,-0.13409994838080572,2.3237491776114303,
,,,,,,,,,,,,,1.4472943464695487,,0.2261769240644558,-0.02340989511754724,
,,,,,,,,,,,,,1.083735561229445,,-0.04147529432926888,-0.845191663252919,
,,,,,,,,,,,,,-2.0430905486598956,,-0.18540555087444624,-1.414490353302098,
,,,,,,,,,,,,,1.3340872318600108,,0.046411677969334965,1.014680417027364,
,,,,,,,,,,,,,0.4258177248920659,,0.021084716682170587,0.5768179290219709,
,,,,,,,,,,,,,-1.173925638407839,,-0.06643259457036915,1.5352911560609737,
,,,,,,,,,,,,,-0.18165240456129514,,0.06392603380885163,0.5494502194919427,
,,,,,,,,,,,,,-2.052575891212273,,-0.03774472206596613,0.5740764219845423,
,,,,,,,,,,,,,1.4270640154547307,,0.016278827990385897,1.5833718639300716,
,,,,,,,,,,,,,-1.2085703790325417,,-0.08422711050470127,2.6022455969134097,
,,,,,,,,,,,,,0.8717854196359207,,0.04074238714159633,1.418311174579789,
,,,,,,,,,,,,,0.8472361983853429,,-0.05439980199264608,0.17772004321658827,
,,,,,,,,,,,,,3.8345919110432822,,0.15746859793058865,0.05612969601653519,
,,,,,,,,,,,,,2.087115268054615,,0.07041025610348721,-2.2122346396574906,
,,,,,,,,,,,,,-0.7381795772029148,,-0.05294212351885593,-0.4261109368920241,
,,,,,,,,,,,,,1.000774382825162,,0.02940519977146053,0.11185216267509071,
,,,,,,,,,,,,,2.809178594837245,,0.2590374135449956,-0.3955844562200298,
,,,,,,,,,,,,,0.631821034589068,,-0.024956380198328708,-1.5211849752891502,
,,,,,,,,,,,,,0.3269730657068631,,-0.09098309757650787,0.46337209857773004,
,,,,,,,,,,,,,1.872787986933095,,0.19282372806147413,-1.5713586700642195,
,,,,,,,,,,,,,0.8011621622122744,,0.1440868434494798,-0.6258546630286351,
,,,,,,,,,,,,,1.9601698700119379,,-0.0704302478795214,1.1932617885081451,
,,,,,,,,,,,,,0.9073202515620614,,0.02050352043647951,-1.7043549602149906,
,,,,,,,,,,,,,-1.4004160769280838,,-0.08696998869775617,0.2639786540006636,
,,,,,,,,,,,,,0.9923209797453247,,-0.030234074637538137,1.4697281090820378,
,,,,,,,,,,,,,0.9543531518021979,,0.060546542721941404,-1.5558319239842175,
,,,,,,,,,,,,,-1.7284308658517606,,-0.05999684232216871,-1.1052865795751377,
,,,,,,,,,,,,,-0.6171351704696834,,-0.0169557955047029,-0.5252258951563615,
,,,,,,,,,,,,,2.0837891021643786,,-0.053216451539098146,-1.68756994977863,
,,,,,,,,,,,,,-0.3352995611845711,,0.017694651574527695,-0.3066846166414396,
,,,,,,,,,,,,,1.5637002888887876,,0.18476740263485902,-1.3724977188504919,
,,,,,,,,,,,,,3.6341817272176438,,0.2758599790749167,-1.3158698879048498,
,,,,,,,,,,,,,2.441153053461359,,0.11154704375554639,0.8363553418864803,
,,,,,,,,,,,,,2.378405546799328,,0.08796674103086749,-1.023885246005531,
,,,,,,,,,,,,,-0.5852029249479126,,0.06452174324887776,-2.4884272006374424,
,,,,,,,,,,,,,1.235375392499901,,-0.05795661134614282,-1.6526397369613475,
,,,,,,,,,,,,,1.6536259969698992,,0.22472914236438976,0.3299391316635157,
,,,,,,,,,,,,,0.44003677185602785,,0.10770357642346662,0.11934141178395251,
,,,,,,,,,,,,,0.40403132368010153,,0.08287096673846009,-0.4927351032510467,
,,,,,,,,,,,,,1.3912290987340081,,0.17716427301017815,2.619486709456034,
,,,,,,,,,,,,,1.3263588193216844,,-0.0017270560212565757,1.7563996448095436,
,,,,,,,,,,,,,1.4015961478568277,,0.14139430364213146,-1.5613673354123812,
,,,,,,,,,,,,,0.7215079439747537,,0.09758638448956168,-2.4177004346837307,
,,,,,,,,,,,,,-2.4977954509163425,,-0.13151497718839528,-0.8541451175526943,
,,,,,,,,,,,,,0.6540052574966687,,0.06508517710092579,0.1648301935556109,
,,,,,,,,,,,,,-0.43115866343615233,,0.06161459885752864,1.6211509129205854,
,,,,,,,,,,,,,0.8185509114983425,,0.0824941016601423,-2.267346197199278,
,,,,,,,,,,,,,-0.17048683080678786,,0.05456029636822903,0.2602558553290053,
,,,,,,,,,,,,,-0.9615253389276583,,-0.19608824171096775,0.19674497636044092,
,,,,,,,,,,,,,0.8477101094765669,,0.04859286802267601,-0.12622115497594688,
,,,,,,,,,,,,,0.3877580428162831,,0.04955863810027821,2.2957836823264253,
,,,,,,,,,,,,,1.1583368222203372,,-0.04346632253335259,2.0340323787777486,
,,,,,,,,,,,,,-0.9524964767959373,,-0.0663045099504623,1.5791596658691511,
,,,,,,,,,,,,,-0.5034971742623102,,-0.08060717085614534,0.10288956957100034,
,,,,,,,,,,,,,1.4387941246975031,,0.06824518706271285,0.7419263520128163,
,,,,,,,,,,,,,3.6564068198288098,,0.25647450517562803,-1.9834182411006807,
,,,,,,,,,,,,,1.9655524019901762,,0.10202374262146591,1.5809366641044862,
,,,,,,,,,,,,,-2.6923473793769466,,-0.24707555292766115,-2.30528100302547,
,,,,,,,,,,,,,-0.8931315304561833,,-0.17281084347256756,-0.03527453665945392,
,,,,,,,,,,,,,1.3417497456370304,,0.02260024734562255,-0.37915489406105063,
,,,,,,,,,,,,,2.0839652831268087,,0.1539289791634449,2.8720503495689473,
,,,,,,,,,,,,,1.3137874729351513,,0.08306255938206093,0.30159421935124076,
,,,,,,,,,,,,,1.4472295517231706,,0.06495632844827164,-1.2753605894322824,
,,,,,,,,,,,,,2.054534142427595,,-0.11131338354206984,-2.2897252335990275,
,,,,,,,,,,,,,3.1690113263971775,,0.1777526862882872,2.059863615463702,
,,,,,,,,,,,,,1.7478140296076639,,0.07476026578447366,-0.1279568619257247,
,,,,,,,,,,,,,1.6493618126305172,,0.14073128523953018,0.364409409848833,
,,,,,,,,,,,,,-0.18188807006786425,,-0.04147889927344765,-2.5115336139980196,
,,,,,,,,,,,,,1.910744180309968,,-0.030400033155151336,0.814748572328867,
,,,,,,,,,,,,,-0.7427499279445224,,0.02526055096147385,-2.2153711965611973,
,,,,,,,,,,,,,-2.182172756387239,,-0.1893180170416342,0.5573896166636967,
,,,,,,,,,,,,,3.3086984072619248,,0.2762622839849265,-0.806170551570049,
,,,,,,,,,,,,,0.23810921601930854,,0.016919772614066755,-0.567757224923642,
,,,,,,,,,,,,,-0.8459427075971317,,-0.0040644329872507635,0.7020860769653854,
,,,,,,,,,,,,,-2.277389080743288,,-0.1956380925169298,-3.6837054575706514,
,,,,,,,,,,,,,2.9160476283199372,,0.036654978578239406,-0.15550907741376221,
,,,,,,,,,,,,,1.4944886922137868,,0.11226977020659555,1.0760287249648095,
,,,,,,,,,,,,,0.9205474687492001,,0.04017437003347932,-0.532760194892072,
,,,,,,,,,,,,,-1.6546208740814334,,-0.11484838847955303,-0.21739840257356327,
,,,,,,,,,,,,,2.982025283208419,,0.1552232881007479,-0.9614744803122565,
,,,,,,,,,,,,,1.370144469366674,,0.21034102263054646,-0.11212367478288562,
,,,,,,,,,,,,,0.23325207923031208,,0.006064509887837169,-0.6823538828746363,
,,,,,,,,,,,,,0.838064411724225,,0.013617665310812075,1.0738754783850706,
,,,,,,,,,,,,,2.6876866764263645,,0.2451319964554766,0.3624191777385768,
,,,,,,,,,,,,,-1.3877691231898968,,-0.13227498909164043,0.593570379508494,
,,,,,,,,,,,,,-2.048482489768199,,-0.11016298922850054,-3.017259944635989,
,,,,,,,,,,,,,-4.259549788054398,,-0.28941377649801525,-1.2597033120445944,
,,,,,,,,,,,,,-0.7177103377357017,,-0.052593400906975195,2.2949548097624395,
,,,,,,,,,,,,,1.475439445645857,,0.146186065761127,1.719832234268646,
,,,,,,,,,,,,,-0.502391076745692,,-0.07448864614590225,0.7849097083191715,
,,,,,,,,,,,,,-2.228253749025411,,-0.1845209024841057,-0.5082597478196865,
,,,,,,,,,,,,,-2.511248777785673,,-0.2803987861126765,0.6961040775157656,
,,,,,,,,,,,,,1.4132279305113113,,0.11851931658735212,-4.046182439325276,
,,,,,,,,,,,,,1.405613393194222,,0.030001487608343598,-1.0788612500961634,
,,,,,,,,,,,,,-1.0705400675856822,,-0.06381038698069273,-0.8482340751646906,
,,,,,,,,,,,,,3.326910889283205,,0.015625622353756675,-1.9424096620912603,
,,,,,,,,,,,,,1.7884563282641968,,0.22763797130043714,0.2721434587112015,
,,,,,,,,,,,,,-0.48416551246556694,,0.014340668418494015,2.21640383094333,
,,,,,,,,,,,,,0.39502582371658707,,-0.11680233112601175,-0.5410958369547546,
,,,,,,,,,,,,,2.041125756711544,,0.13421317248152406,1.5987107144051464,
,,,,,,,,,,,,,-0.8733541690814176,,0.05810258389678378,0.0015656458386183048,
,,,,,,,,,,,,,3.4741837635362645,,0.14073861675691007,-1.884839126616953,
,,,,,,,,,,,,,0.4543260890726854,,-0.022517119361620378,-0.444242733145161,
,,,,,,,,,,,,,0.5834868041050842,,-0.016303286893649602,-0.8525043724834205,
,,,,,,,,,,,,,-1.1879294789096622,,0.056529030957074296,-3.7998593470520103,
,,,,,,,,,,,,,0.8801021881490171,,0.012982008054000302,-0.8670915356653863,
,,,,,,,,,,,,,-1.1438884764253543,,0.0707684126645039,0.41717205219056447,
,,,,,,,,,,,,,4.217530094261918,,0.34111287821912245,-3.5082604097116734,
,,,,,,,,,,,,,0.27250828506614033,,0.06076466901622116,0.4331990621322951,
,,,,,,,,,,,,,1.884509468439415,,0.22798793972645903,-2.07406767628927,
,,,,,,,,,,,,,0.8700918878173071,,-0.16444386024447086,-2.4848774067377075,
,,,,,,,,,,,,,-0.9798290587626399,,0.15815896303668467,0.8321078970864276,
,,,,,,,,,,,,,1.2930917178447623,,-0.03196256203809863,1.2808258558353385,
,,,,,,,,,,,,,-0.8748396042158955,,-0.13967819163270376,-2.0234151765609774,
,,,,,,,,,,,,,1.5055900021542499,,0.1169103216862493,2.2850824233889524,
,,,,,,,,,,,,,-0.7289535981206624,,-0.15829442899614699,-0.36783369211891254,
,,,,,,,,,,,,,2.3812436455421135,,-0.014406898657257536,-0.15249496094802747,
,,,,,,,,,,,,,-2.9475343468668593,,-0.2057473315051306,-1.3305007731550318,
,,,,,,,,,,,,,-1.0618540389353068,,-0.023499702340378657,-0.44264768473990757,
,,,,,,,,,,,,,0.8544031097352638,,0.11959651144813431,-2.3428854486567947,
,,,,,,,,,,,,,-1.391525210987291,,0.049226952179998035,2.0202752346325292,
,,,,,,,,,,,,,-2.162569081469564,,-0.22002339737847648,-1.6852343083702161,
,,,,,,,,,,,,,-0.9096307440180419,,-0.11236456697519351,0.048647665731979824,
,,,,,,,,,,,,,-1.4271435125175416,,-0.17575765046939493,-1.0046483733862361,
,,,,,,,,,,,,,2.1293472965133047,,0.07725815674924406,-0.6809178854812129,
,,,,,,,,,,,,,1.5347549242484233,,0.09258082237432756,0.17439210249336826,
,,,,,,,,,,,,,2.117486746359986,,0.04804711018211072,0.33824593479482495,
,,,,,,,,,,,,,-2.2834436977744508,,-0.21500564636390515,-0.8254691570291214,
,,,,,,,,,,,,,1.849550121948251,,-0.0012078234604671729,-0.9739120448166391,
,,,,,,,,,,,,,-1.7577757134010144,,-0.049593288177276824,-2.3271357292913097,
,,,,,,,,,,,,,3.217771663507609,,0.2654204455780322,-1.0281940687965985,
,,,,,,,,,,,,,3.4552496909887553,,0.16032645433636025,0.8172395478004951,
,,,,,,,,,,,,,-1.5705403924839714,,-0.06518063600226676,-1.7866016037521413,
,,,,,,,,,,,,,0.040639685655162794,,0.05286045835114779,1.2462606142668187,
,,,,,,,,,,,,,-0.8754789582119544,,-0.014102983419810533,-2.5025622859337817,
,,,,,,,,,,,,,-2.3237252460487245,,-0.06282593570022095,-1.1057332331858791,
,,,,,,,,,,,,,-1.3644784135121348,,-0.03540905882260783,-0.8292209140813502,
,,,,,,,,,,,,,0.6097097380179891,,0.057114902992560584,-1.0553485655053918,
,,,,,,,,,,,,,1.1027007554772907,,0.11569913589649285,2.2146191997351528,
,,,,,,,,,,,,,0.7860642662227467,,-0.008936018555453043,-1.1706717614102045,
,,,,,,,,,,,,,0.7786641084743204,,-0.2212216775991063,-2.3641244483780914,
,,,,,,,,,,,,,-0.8958034358704272,,-0.04803939977890554,-1.8511237010879011,
,,,,,,,,,,,,,0.5290797200121292,,-0.08241192809045628,1.5432459653809447,
,,,,,,,,,,,,,1.761353346006498,,0.03854950773379854,2.4513871255233513,
,,,,,,,,,,,,,-1.1977791592246805,,0.07213824674901588,-2.499332402152075,
,,,,,,,,,,,,,0.3532997670491937,,-0.03955969847825952,2.882933629879982,
,,,,,,,,,,,,,0.006791693008013116,,0.026623912917923345,-0.8840105404396513,
,,,,,,,,,,,,,-0.7507697060948294,,0.1135492800477392,-0.8894969555140738,
,,,,,,,,,,,,,1.9931762926565793,,0.027167787810929895,1.0832610072910542,
,,,,,,,,,,,,,-0.4146819059309373,,0.030264337050325888,-0.2854629273427641,
,,,,,,,,,,,,,1.5524615594433784,,-0.032399414524434636,-0.982560280231045,
,,,,,,,,,,,,,1.0813552790061327,,0.16046229929528338,-0.45154862530786133,
,,,,,,,,,,,,,0.6376745891357408,,0.07571005443973186,0.4134899550567437,
,,,,,,,,,,,,,1.1870621260052154,,0.14302160008102613,0.80276181405867,
,,,,,,,,,,,,,0.5443227954973137,,0.0740963355445796,-1.5240554820482393,
,,,,,,,,,,,,,1.5876342544172193,,0.03530558172031379,0.131716211777131,
,,,,,,,,,,,,,0.12947231990454472,,0.09159748406021095,1.2517285701645178,
,,,,,,,,,,,,,0.7970455848533042,,-0.04701315038288287,1.8300879462508068,
,,,,,,,,,,,,,2.142199837613735,,0.06285674932175123,1.4607675205935386,
,,,,,,,,,,,,,-0.4608391878153293,,-0.06965412010165321,-2.402452496238923,
,,,,,,,,,,,,,1.8410187990776274,,0.04536012702258341,-0.9862179102852926,
,,,,,,,,,,,,,2.596893671629182,,0.016221066100977156,-0.963830367660955,
,,,,,,,,,,,,,3.868720622635465,,0.18306823582712345,-3.5521066816221567,
,,,,,,,,,,,,,1.3052520523894557,,-0.04176293869544228,-1.104784419051262,
,,,,,,,,,,,,,2.7336969736877026,,0.0669485513257036,1.916903583939767,
,,,,,,,,,,,,,2.4296541732308037,,0.13553793640770942,0.6402379139656955,
,,,,,,,,,,,,,-1.2062905284911083,,0.015833961547851452,-2.088848046984636,
,,,,,,,,,,,,,2.7830187709347163,,-0.05130838971279806,-1.5152035024889738,
,,,,,,,,,,,,,1.1988789438306753,,-0.023734114375660035,0.6397556249667451,
,,,,,,,,,,,,,0.10766842978879898,,0.05704932515844364,0.1606462289774393,
,,,,,,,,,,,,,0.9557688974780713,,0.02659797230736173,-1.5710656721071325,
,,,,,,,,,,,,,1.373548617210334,,0.037806319579226005,0.8157321293525497,
,,,,,,,,,,,,,1.5457940903595615,,0.04318389992376608,-0.645222507111873,
,,,,,,,,,,,,,1.2632775323432022,,0.14886572506606066,0.07289895562083616,
,,,,,,,,,,,,,-1.2816456543806993,,-0.07678988870586095,0.18642805488059136,
,,,,,,,,,,,,,1.1655449280445416,,0.0758812483438566,-3.0338388708537054,
,,,,,,,,,,,,,2.467569820150506,,0.16740216521796253,1.8671358053248854,
,,,,,,,,,,,,,-0.809606442232934,,0.033765976705021246,0.27619960258311405,
,,,,,,,,,,,,,-0.33421265557882907,,0.13109551264218183,1.1985755100884932,
,,,,,,,,,,,,,0.920209620743935,,0.004275914688700918,0.3475323339303656,
,,,,,,,,,,,,,1.0975410900857425,,-0.01672769862229629,-2.426564796744871,
,,,,,,,,,,,,,-1.915160145285014,,-0.0673247430233238,-2.359699631758013,
,,,,,,,,,,,,,3.757739478143691,,0.2134770761256991,-0.9559018251574151,
,,,,,,,,,,,,,-0.44526779490369833,,-0.06245618336122355,1.0881156235104512,
,,,,,,,,,,,,,2.9271912338997113,,0.21478294375981477,-2.7426484058483807,
,,,,,,,,,,,,,1.1231570712907484,,-0.026664328419229475,-1.0250790504375116,
,,,,,,,,,,,,,1.6665151570426002,,0.07912473169343849,-0.10803541911787434,
,,,,,,,,,,,,,-0.9223739128735836,,-0.14304916564914208,-1.595678327999142,
,,,,,,,,,,,,,1.2166119881310538,,0.06036694041022885,0.7860211963376835,
,,,,,,,,,,,,,0.7240533219987348,,0.06954549148535354,-2.1342302180527066,
,,,,,,,,,,,,,-2.6959462807329326,,-0.18706148129864827,-0.0678694403647484,
,,,,,,,,,,,,,1.0521329380913527,,-0.015099302506781804,-0.3925578696473952,
,,,,,,,,,,,,,2.704938748002738,,0.21981016868327857,0.7490977239762697,
,,,,,,,,,,,,,0.877759271619416,,0.02163333753445036,1.6098355074409587,
,,,,,,,,,,,,,-1.8068734323165738,,-0.09189715171209757,1.8599675539394245,
,,,,,,,,,,,,,1.4589607908320772,,0.026290792971176778,-1.0432949358855603,
,,,,,,,,,,,,,-1.5267022203948821,,-0.08086763726408228,0.05734914813035184,
,,,,,,,,,,,,,0.8243050620369909,,-0.12228063792893352,2.160141182686334,
,,,,,,,,,,,,,1.5590892014403828,,0.1914081942585871,0.653258429639537,
,,,,,,,,,,,,,-0.5988851943724312,,0.041480703521915636,-0.10880530513273305,
,,,,,,,,,,,,,1.445836172559897,,0.00737172982983921,-0.8851913378681172,
,,,,,,,,,,,,,-1.0621537770158778,,-0.054054800858239195,0.12843322590647716,
,,,,,,,,,,,,,-2.422584043451802,,-0.1706974540729491,-0.597844000115808,
,,,,,,,,,,,,,1.0093611963968045,,0.05628248748638098,0.8457594165081689,
,,,,,,,,,,,,,-0.7807931768038977,,-0.17711932948219894,-1.8617844408170048,
,,,,,,,,,,,,,-0.62747588728073,,0.017894923925527616,0.1119558857221101,
,,,,,,,,,,,,,3.280312545086655,,0.21297255951572056,-2.1250718052247297,
,,,,,,,,,,,,,2.609707221666981,,0.21155454952983233,1.587400314714557,
,,,,,,,,,,,,,-0.41819013282776285,,-0.059184845301549535,0.9414159402810228,
,,,,,,,,,,,,,0.33237380652325055,,-0.033061889067295604,-0.4063699276166049,
,,,,,,,,,,,,,2.047093077151244,,0.18025626346640228,0.36544636259506424,
,,,,,,,,,,,,,-0.2819888021257381,,-0.12400957204003922,-3.05304290098674,
,,,,,,,,,,,,,2.942969373885929,,0.18676362360877083,-3.046516065787997,
,,,,,,,,,,,,,-0.6013287263989969,,0.012118963206850937,-1.023017912681705,
,,,,,,,,,,,,,-1.0951843591495931,,-0.08830789481747876,-0.7080198905400674,
,,,,,,,,,,,,,0.5893150659280367,,0.00011200284197682401,1.3520661234071831,
,,,,,,,,,,,,,0.6777175251035564,,0.009965399710449331,1.379665560622976,
,,,,,,,,,,,,,-3.017854301412219,,-0.23663540929742483,1.241069698240168,
,,,,,,,,,,,,,1.9829774589185618,,-0.0110950562393365,-1.0586872736374189,
,,,,,,,,,,,,,0.3141407971866769,,-0.0017556129318714467,-0.7970845985485566,
,,,,,,,,,,,,,0.6600764279971295,,0.06711354805705487,0.19859570716823072,
,,,,,,,,,,,,,-1.291926876024528,,-0.04706710956188824,0.43197147754173065,
,,,,,,,,,,,,,-0.39168014606230483,,-0.017847929776678567,-0.5770717661847375,
,,,,,,,,,,,,,0.6738895381199079,,0.011503724285355609,3.093836236960852,
,,,,,,,,,,,,,-1.313198339088942,,-0.03130582467672434,-2.0507964766730513,
,,,,,,,,,,,,,-0.404310152162351,,0.057044022213763056,-1.7634218796384653,
,,,,,,,,,,,,,2.070204233954556,,0.1440406884934346,0.19727672713274122,
,,,,,,,,,,,,,0.6283349554763957,,0.09791063206332432,-0.13710005255844004,
,,,,,,,,,,,,,1.768260357886285,,-0.013252201602410377,-1.2783070065325748,
,,,,,,,,,,,,,1.0176864996026618,,0.06566961653381857,-0.7037325066235585,
,,,,,,,,,,,,,-0.702004169548037,,0.019267693836291126,0.7892489196918171,
,,,,,,,,,,,,,-0.1538634386526862,,-0.023969155170862202,-0.09752853532904046,
,,,,,,,,,,,,,-1.6613953898835971,,-0.0678496898416588,-2.2481437632026067,
,,,,,,,,,,,,,2.241239781538905,,0.10212979532089936,1.2529654075016345,
,,,,,,,,,,,,,0.9236905091693928,,0.13566193298160412,-0.6959866967429705,
,,,,,,,,,,,,,-1.375936226425355,,0.03331904632548869,2.0004008643400497,
,,,,,,,,,,,,,-2.367210987445199,,-0.13084172859675092,-1.839720173821262,
,,,,,,,,,,,,,0.8394086478083981,,0.10170753260541646,1.3882013163321023,
,,,,,,,,,,,,,-0.4018504440093832,,0.019618268791092748,-2.2567633906770346,
,,,,,,,,,,,,,0.22782250133391874,,-0.05912230843014337,1.1083939882636131,
,,,,,,,,,,,,,0.49643046096381627,,0.09528440724385764,-1.1903310354428518,
,,,,,,,,,,,,,1.8496632288501753,,0.14829673368602556,-2.6241141224949174,
,,,,,,,,,,,,,1.549560826526493,,0.05865326446737871,3.0868169838900132,
,,,,,,,,,,,,,0.26865578309330584,,0.153531523056737,1.633405981822529,
,,,,,,,,,,,,,0.8497910792586485,,0.031740092323125906,-2.1665083045618303,
,,,,,,,,,,,,,2.6346562348109845,,0.2065283547117811,0.21726464034641443,
,,,,,,,,,,,,,-0.18920079494739203,,-0.04295835591651021,-0.8369819143437139,
,,,,,,,,,,,,,1.1943443142209869,,0.030856744306342613,-1.1089038927374624,
,,,,,,,,,,,,,-1.7112882069068693,,-0.1071040238614321,1.0169310449043831,
,,,,,,,,,,,,,1.1649790625743726,,0.0109897730501993,-0.1169968201880997,
,,,,,,,,,,,,,0.07593908674509242,,-0.1314734664064612,-0.9169364490895114,
,,,,,,,,,,,,,3.5225242500888645,,0.18027641335276146,1.9365640797367567,
,,,,,,,,,,,,,0.5802570134202086,,0.09644577508862388,-1.1411841600229204,
,,,,,,,,,,,,,-1.0940567511032973,,0.11123938783814075,0.4504930798098846,
,,,,,,,,,,,,,-0.969846468385083,,0.050487629211147175,0.43226875597025055,
,,,,,,,,,,,,,3.7104351236642388,,0.19285654184255824,0.37038069996397877,
,,,,,,,,,,,,,2.5500325172248774,,0.09914725353393548,-2.846299443376902,
,,,,,,,,,,,,,1.3186162432446906,,0.0538910772813972,-2.0962860830808365,
,,,,,,,,,,,,,0.39903174209052694,,0.10707748870773046,2.2289830185997834,
,,,,,,,,,,,,,0.9540834136248502,,0.04479687899637384,-0.35600979817227213,
,,,,,,,,,,,,,1.7512458688762043,,0.040525155995559746,-0.578169252615222,
,,,,,,,,,,,,,-1.6136489598345671,,0.015290883795597116,0.8366840440776913,
,,,,,,,,,,,,,0.23936628113422326,,-0.08853944506424086,1.244207024501946,
,,,,,,,,,,,,,-1.9023856362699325,,-0.14405431282633543,0.3967194625199064,
,,,,,,,,,,,,,2.780452479456135,,0.23410485874549727,-0.9375796903724724,
,,,,,,,,,,,,,0.4223760678098151,,-0.007367825270268294,-1.2396116609123657,
,,,,,,,,,,,,,2.577209069668436,,0.14022877031321412,-1.2792696286701255,
,,,,,,,,,,,,,-1.6624487771311465,,-0.15484183725074488,3.26174982955405,
,,,,,,,,,,,,,-0.5216907023260433,,-0.002873607152101234,-0.14776803826950444,
,,,,,,,,,,,,,0.35685906895714464,,0.011300962420018662,1.2902302137565522,
,,,,,,,,,,,,,2.2411387682015205,,0.0545428634342986,1.1373488745637879,
,,,,,,,,,,,,,-0.571704668861079,,-0.030624779053791247,0.360177786455377,
,,,,,,,,,,,,,2.1956853954087383,,0.19182386844214575,-0.40796054520933517,
,,,,,,,,,,,,,2.713706583193649,,0.24246962496841662,-1.1742591566821559,
,,,,,,,,,,,,,0.6053357513438491,,-0.12210355711467878,-1.8289459587998342,
,,,,,,,,,,,,,4.090224130910494,,0.23425160726522448,-0.3649385096375339,
,,,,,,,,,,,,,1.0693201686387706,,0.21365079579999688,0.540919051875556,
,,,,,,,,,,,,,-0.06066989835522361,,-0.08909669364719186,1.4846114841951654,
,,,,,,,,,,,,,-2.153712706416687,,-0.22488916313999918,0.6882991364356922,
,,,,,,,,,,,,,0.7397355335319667,,0.13980506283148555,0.1985818057151802,
,,,,,,,,,,,,,-2.072813420233596,,-0.09169984457801379,2.280749487787533,
,,,,,,,,,,,,,1.3974987178621845,,0.06311917407474275,-2.0330090161630228,
,,,,,,,,,,,,,0.6636201519601911,,-0.06232529877245473,1.1969801397125535,
,,,,,,,,,,,,,-1.692806627461489,,-0.032621793100228155,-1.039237896069269,
,,,,,,,,,,,,,-3.6225532148548916,,-0.24118671272494882,3.181957668984942,
,,,,,,,,,,,,,2.3822961599694543,,0.009946033881335787,-1.951766880256392,
,,,,,,,,,,,,,0.8233463768187456,,-0.05007598290085679,-1.2312455418397656,
,,,,,,,,,,,,,0.4911473675728806,,0.08980359396235611,-0.43526424966780564,
,,,,,,,,,,,,,0.9869756698549392,,-0.033306029219332234,3.395584194578327,
,,,,,,,,,,,,,-0.3555833092225935,,-0.041872317910293895,-0.9977142920908303,
,,,,,,,,,,,,,1.6459678810930396,,0.08999811058751137,-2.2150381996273194,
,,,,,,,,,,,,,2.303600408485184,,0.10132684523498127,-2.7063729578443163,
,,,,,,,,,,,,,1.3076350581634237,,0.07137480467736199,0.38524937455673247,
,,,,,,,,,,,,,0.8829391256923568,,0.11986943050777984,-0.34587490439480745,
,,,,,,,,,,,,,-0.6553473767604844,,0.021915559577003342,-1.7166984192415193,
,,,,,,,,,,,,,1.0606660403616979,,-0.025299477973660882,1.3573229865168863,
,,,,,,,,,,,,,-0.9336983460471203,,-0.023781583805854493,0.10912854328897165,
,,,,,,,,,,,,,-0.6269586581667594,,-0.07615517996481927,2.39827987584362,
,,,,,,,,,,,,,0.6029746977651691,,0.021656776669703885,-0.5767245597680432,
,,,,,,,,,,,,,0.7182011480531489,,-0.06833114562284173,0.7461685824552893,
,,,,,,,,,,,,,3.6322118763965783,,0.06797284554274467,-1.8017775941956904,
,,,,,,,,,,,,,3.6462186150046487,,0.15332545989787244,0.7461868676646226,
,,,,,,,,,,,,,0.8104578416141122,,0.0012988451877381365,1.620901981074755,
,,,,,,,,,,,,,1.312997391954612,,0.08744973496098998,0.38979392840341653,
,,,,,,,,,,,,,4.19146306364066,,0.3757936016341889,-1.8327606220496566,
,,,,,,,,,,,,,-1.0479147132813589,,0.14227626215388717,1.0483878493687058,
,,,,,,,,,,,,,1.591229306497389,,0.09146164637510507,0.5746614784139074,
,,,,,,,,,,,,,0.0977554907299793,,0.07145000604641502,0.8023326493748155,
,,,,,,,,,,,,,-2.3070239586077763,,-0.09754751864500899,-1.7537149902873754,
,,,,,,,,,,,,,0.9310109541614012,,0.05394207020200505,0.14543806479183097,
,,,,,,,,,,,,,0.4798074053033613,,0.03455292171509805,-0.3918008397520686,
,,,,,,,,,,,,,-0.8101776916233464,,-0.07006041097680732,-0.49518741530187055,
,,,,,,,,,,,,,3.0781770002238775,,0.1427148908488414,-1.9861921461221974,
,,,,,,,,,,,,,0.42570995303838377,,-0.01676610493439734,-0.9157761611750352,
,,,,,,,,,,,,,-2.887223604293357,,-0.25942536569664687,0.3596067448320112,
,,,,,,,,,,,,,1.2834167154912492,,-0.02107820259682166,0.8288035481058291,
,,,,,,,,,,,,,1.0875250569136046,,0.10284777163378925,-1.1519113925064945,
,,,,,,,,,,,,,0.8251159393869851,,0.13645521050587558,1.3889579692616472,
,,,,,,,,,,,,,1.5882062205203025,,0.00758534037790968,-3.001500692354885,
,,,,,,,,,,,,,1.623835648383518,,0.19394770346128143,-1.191438087860463,
,,,,,,,,,,,,,0.7569524401588503,,-0.15891763591001357,2.46679997719929,
,,,,,,,,,,,,,1.213788834744977,,-0.0001421723908517901,0.6993250476873301,
,,,,,,,,,,,,,-2.1847649129992677,,-0.2094387479284944,2.3430647620397544,
,,,,,,,,,,,,,1.2783125420863481,,0.0602911318701979,-1.612876819665703,
,,,,,,,,,,,,,-1.378547498357531,,0.029748874735970758,0.4186777932238223,
,,,,,,,,,,,,,-1.807602329631282,,-0.22427446968062797,0.9582685312304913,
,,,,,,,,,,,,,1.14677505792011,,-0.02117405899785735,2.379122163092687,
,,,,,,,,,,,,,0.9993112931744788,,-0.015312785999409854,2.031981197366974,
,,,,,,,,,,,,,-0.4878702289282401,,-0.07470458556343529,-1.70224945617623,
,,,,,,,,,,,,,2.1042189829141926,,-0.04042669442441828,-0.3276416774717916,
,,,,,,,,,,,,,-1.1457040215071737,,-0.13466533127049787,1.029604073878437,
,,,,,,,,,,,,,1.160190116555477,,0.05001266366117042,1.296584604373639,
,,,,,,,,,,,,,3.2655412145376332,,0.41959504414808174,-1.242862404474261,
,,,,,,,,,,,,,0.47433908031824007,,-0.11130775227233385,-1.0143071901366545,
,,,,,,,,,,,,,-1.7522303254040954,,-0.22092395609823506,3.3395883304215213,
,,,,,,,,,,,,,0.4020274112196986,,0.10401728041393676,-0.37917014308282493,
,,,,,,,,,,,,,2.9035068279541734,,-0.0354461663712357,-0.8063284223373992,
,,,,,,,,,,,,,2.9258164527225676,,0.22860779241217638,-0.7684840208383005,
,,,,,,,,,,,,,0.42010497240509237,,0.12836584659306066,4.33295044179801,
,,,,,,,,,,,,,-0.6996989431734254,,-0.02278356988396998,-0.23207740141020847,
,,,,,,,,,,,,,-1.7111440583533795,,-0.13093545707942622,-2.8995019542143696,
,,,,,,,,,,,,,0.6384588329222554,,-0.1577448442544437,1.395945292744871,
,,,,,,,,,,,,,-0.42259581488717646,,-0.10125576337347984,2.30702801914354,
,,,,,,,,,,,,,-1.0464024246566646,,0.015550043573663958,-0.2802164244012288,
,,,,,,,,,,,,,0.6259220547627742,,-0.004455709343791454,1.073687440740263,
,,,,,,,,,,,,,1.4159061791916985,,-0.035216976659825996,0.6124236153983573,
,,,,,,,,,,,,,-1.0417940142688122,,-0.05979994935056275,0.5830236001128746,
,,,,,,,,,,,,,1.0941750346845556,,0.021506026362299275,0.7727140511043533,
,,,,,,,,,,,,,-1.369839394348474,,-0.1809250979421854,0.11518583488844339,
,,,,,,,,,,,,,1.618912934040612,,0.11605551515326991,0.06848051848742466,
,,,,,,,,,,,,,1.5201174734186609,,0.09495987481682548,1.7140364978037914,
,,,,,,,,,,,,,1.2007041657278497,,0.21596100142053956,-1.598827286435572,
,,,,,,,,,,,,,4.494167478436267,,0.3593461781765107,-1.658926014025207,
,,,,,,,,,,,,,2.5411516509299896,,0.11142432734398718,-1.4174836971643259,
,,,,,,,,,,,,,-2.1220506019921106,,-0.04511366128861691,-0.928036464358761,
,,,,,,,,,,,,,-1.497410342953428,,-0.13152128693726,-2.2451012959503913,
,,,,,,,,,,,,,1.2891649766764484,,0.013658392483919396,-0.7634412055120595,
,,,,,,,,,,,,,3.540417371169956,,0.16086098996156703,2.7424594913858806,
,,,,,,,,,,,,,3.532355558122871,,0.13555285094113428,-1.4869645869515002,
,,,,,,,,,,,,,3.61678390097449,,0.09639991767052977,0.12837140620861562,
,,,,,,,,,,,,,2.9925331392835424,,0.2208944132969774,-2.4368411598491044,
,,,,,,,,,,,,,-0.0817703124622815,,0.11517726646151476,0.9373299404407645,
,,,,,,,,,,,,,1.5462541817330104,,0.031611696328052295,-1.5739337363718888,
,,,,,,,,,,,,,-2.2587211000458804,,-0.19362527788719827,1.5355052704414907,
,,,,,,,,,,,,,2.5201904072200874,,0.07894708203757209,-1.946830314173219,
,,,,,,,,,,,,,0.08184576582938825,,0.09392046310475,1.8222926039396208,
,,,,,,,,,,,,,-0.3557050813032556,,-0.08530187293372347,1.9253745752736864,
,,,,,,,,,,,,,2.0672554175260656,,0.17685538740534318,0.10793027278822821,
,,,,,,,,,,,,,-1.9146471362856023,,-0.1881359449832995,0.08017220986468433,
,,,,,,,,,,,,,1.7413821238462805,,0.04657314055880497,3.011848232096381,
,,,,,,,,,,,,,2.1550191834270693,,-0.006350623302947445,0.9682300637864379,
,,,,,,,,,,,,,0.2186873513933755,,-0.007061780388950204,2.768091839258125,
,,,,,,,,,,,,,-1.2519950069135213,,-0.16964378955811074,-1.024714909774322,
,,,,,,,,,,,,,0.11947125382400123,,-0.008507082499562993,-2.002405452689926,
,,,,,,,,,,,,,1.9568809022586364,,0.08899856535156733,1.0820418303569717,
,,,,,,,,,,,,,-1.066140845619405,,-0.05007230675126666,1.1648582682967312,
,,,,,,,,,,,,,0.8273174255058324,,0.11737591654327713,0.02177758417200758,
,,,,,,,,,,,,,-2.0122470152295833,,-0.12389920342946258,-2.052291021498072,
,,,,,,,,,,,,,0.6376968892664429,,-0.09470560119239096,-1.8973715030575673,
,,,,,,,,,,,,,1.8284566391652235,,0.14225646381807275,1.689706288055949,
,,,,,,,,,,,,,0.259425385147959,,0.060091649380756854,-1.7264708068505787,
,,,,,,,,,,,,,-1.6049258740542258,,-0.14351026408236958,-0.570016992823906,
,,,,,,,,,,,,,-1.2689174768626768,,-0.11848011555248301,1.1735640191602639,
,,,,,,,,,,,,,-2.4104596022933245,,-0.12170883081651775,1.3007124230206661,
,,,,,,,,,,,,,2.411615742989894,,0.2034959522859124,-0.5222398873694943,
,,,,,,,,,,,,,0.5011718552034143,,0.17378485503873461,-0.46250869558711016,
,,,,,,,,,,,,,1.1578205562406394,,0.2030942652877953,0.20169929400213132,
,,,,,,,,,,,,,0.7303545069176025,,0.12428857122399556,-1.1195015618870066,
,,,,,,,,,,,,,1.255815759402692,,0.08882508823140592,-0.7322682109395556,
,,,,,,,,,,,,,1.3677992340021974,,0.012099874740528713,-0.8123752099220769,
,,,,,,,,,,,,,1.4484290613963131,,0.10116283968720637,2.7518423231301705,
,,,,,,,,,,,,,-0.9518385245679049,,-0.03068185959365644,0.3918602617195968,
,,,,,,,,,,,,,0.23262464458836168,,0.1360286130617348,-0.9064503235517584,
,,,,,,,,,,,,,-1.961447280288897,,-0.28445847760460885,-0.7993462419870768,
,,,,,,,,,,,,,0.3867334448156844,,-0.05594118461524026,2.1741992391987375,
,,,,,,,,,,,,,0.95990976654721,,0.03850198708531335,-2.52182888837555,
,,,,,,,,,,,,,0.4221793127502526,,0.12188291249900435,0.5677426856418214,
,,,,,,,,,,,,,1.3261878998201477,,0.008256284669891173,0.07772273837651503,
,,,,,,,,,,,,,1.7653193734109631,,0.28537173952517386,-1.9895199430659645,
,,,,,,,,,,,,,1.9422436076814322,,-0.002609522323252563,1.010210318933448,
,,,,,,,,,,,,,1.1501848671523238,,-0.11218981458883652,1.0138396957344715,
,,,,,,,,,,,,,0.5856181945649086,,0.08759243902739303,-2.2483671768979194,
,,,,,,,,,,,,,0.4462745009124023,,-0.0975989488682734,0.16684745184268074,
,,,,,,,,,,,,,-0.7089628295935357,,0.13151536759493038,2.187663269572675,
,,,,,,,,,,,,,-2.1583441555549676,,-0.18318929521376012,1.4148046375462608,
,,,,,,,,,,,,,-0.5034585052249901,,-0.028247633267508256,-0.13100975126665532,
,,,,,,,,,,,,,1.4358430979859935,,0.09479411731965748,0.5114579156073628,
,,,,,,,,,,,,,3.0430568044448325,,0.1833171852585378,0.16365084992286782,
,,,,,,,,,,,,,-1.4900467083725848,,0.09553880529159058,-1.127364389747066,
,,,,,,,,,,,,,2.2329546755785046,,0.12722604428978773,1.349068920694622,
,,,,,,,,,,,,,-0.6794226709766233,,0.04810583139297773,2.1380087908652143,
,,,,,,,,,,,,,-1.251675889741718,,-0.04123078101732306,-0.3684547982857143,
,,,,,,,,,,,,,0.48005900781034044,,-0.034534523833594684,-0.27951235866923463,
,,,,,,,,,,,,,-0.5227837384558627,,-0.20621883990066603,0.3137694072572356,
,,,,,,,,,,,,,-0.3442426737228825,,0.01395810759554796,-0.22223516673543128,
,,,,,,,,,,,,,1.6589998199133622,,-0.00018507912426731543,1.273020984978656,
,,,,,,,,,,,,,-2.2830803612746764,,-0.18773149628983862,-0.7264489355863758,
,,,,,,,,,,,,,-1.8625961010544125,,-0.10320946577369482,-0.2718079162678911,
,,,,,,,,,,,,,0.5228643303980092,,0.09757912867668997,2.7457406455688393,
,,,,,,,,,,,,,-0.27656947709904045,,-0.07079513503410953,0.4964667253113089,
,,,,,,,,,,,,,0.03703781453680073,,0.04396085694656656,-0.859935271807014,
,,,,,,,,,,,,,-0.7479745279278669,,0.0794744729293062,-1.5474706304515253,
,,,,,,,,,,,,,1.3607260356637527,,0.11400407200641037,-0.7763538443449963,
,,,,,,,,,,,,,0.4408437353975216,,0.12369670812211528,-2.585268325531924,
,,,,,,,,,,,,,2.382109169750601,,-0.07686740136630164,-0.922525742266499,
,,,,,,,,,,,,,-0.48878640556975045,,-0.07242648270231967,0.38336238331719513,
,,,,,,,,,,,,,-0.3994299125308273,,0.00431673109412522,-2.35908979764587,
,,,,,,,,,,,,,2.593738869637234,,0.1941655926635566,-0.6391393700479199,
,,,,,,,,,,,,,1.0204119174655923,,0.05643025083553937,-0.3883129504750576,
,,,,,,,,,,,,,1.35688144624107,,-0.027988628719470044,-2.36489394171704,
,,,,,,,,,,,,,1.4868740745446498,,-0.054820179526299084,3.513514320953159,
,,,,,,,,,,,,,1.85455381576159,,0.09699456767491053,0.5730142859757973,
,,,,,,,,,,,,,0.4377377461548276,,0.06812036435542265,0.1705127260718784,
,,,,,,,,,,,,,1.6035458099586948,,0.006872917975188099,-1.028689498752571,
,,,,,,,,,,,,,-1.0036313660111371,,-0.09514105418867704,3.045179617783249,
,,,,,,,,,,,,,-0.3952521618554581,,0.034092265912162974,2.0584318951910947,
,,,,,,,,,,,,,1.1810117444830364,,0.10690469469966563,1.2715607825288975,
,,,,,,,,,,,,,0.6895196751327761,,0.09496016297152146,-2.673077486149363,
,,,,,,,,,,,,,3.1694716236984855,,0.18619465082016978,0.6775461009057967,
,,,,,,,,,,,,,1.036014861455112,,0.10764808327920423,-0.43675248311154236,
,,,,,,,,,,,,,-0.7353478637510612,,0.025230365306434077,-0.7801545659122897,
,,,,,,,,,,,,,-1.2396010815265956,,-0.15446697542951857,1.0706016159946614,
,,,,,,,,,,,,,0.30147747787084234,,0.031369226662916125,1.9715507330930027,
,,,,,,,,,,,,,0.4545342716285187,,-0.03338234553961212,0.2120903821192758,
,,,,,,,,,,,,,1.7918658630441484,,0.06384175714295832,0.08688896962971544,
,,,,,,,,,,,,,1.094582948262351,,-0.11624246159398087,-2.926225528076416,
,,,,,,,,,,,,,0.5933153305550103,,-0.05065911168645215,-0.35569391669773603,
,,,,,,,,,,,,,2.3632914888379504,,-0.006852183608633412,1.201582203802021,
,,,,,,,,,,,,,0.7835827486284324,,-0.22859811716389594,0.7347089513188559,
,,,,,,,,,,,,,-0.9479643296791163,,-0.12501220978458163,-0.22803745361725972,
,,,,,,,,,,,,,-3.2761087510534685,,-0.20354719254207368,1.0026553880950158,
,,,,,,,,,,,,,1.2936707497226423,,0.20827960643163945,1.8831608419220085,
,,,,,,,,,,,,,1.2117633786265742,,0.05486176679317703,-0.9360528862242682,
,,,,,,,,,,,,,-1.8181637794021122,,-0.14336993056697764,0.9499624043145235,
,,,,,,,,,,,,,-1.7147026277850979,,-0.062491441029320416,-1.63259072841093,
,,,,,,,,,,,,,-0.6244173340410636,,0.1149705517232832,1.5949205988301867,
,,,,,,,,,,,,,1.7812690450906992,,0.08394949464832896,0.7716309754575646,
,,,,,,,,,,,,,3.860806145690427,,0.11386205725127313,1.265634986549938,
,,,,,,,,,,,,,-0.7692216946997932,,-0.06915188494256316,0.41056925215031687,
,,,,,,,,,,,,,0.24415719076709264,,0.01074370234270128,-1.801953376103368,
,,,,,,,,,,,,,0.06699797038745121,,0.016334039966137155,0.9255895058583611,
,,,,,,,,,,,,,0.7527496926220887,,0.07777779675550094,-1.1476124441385074,
,,,,,,,,,,,,,0.4952323552768942,,0.09421940099824357,0.08875311115121616,
,,,,,,,,,,,,,-0.388875156854323,,0.08385200598697581,1.2673048340717243,
,,,,,,,,,,,,,2.2437510095587125,,0.038864559574438795,-0.7493692158049412,
,,,,,,,,,,,,,-2.445765783029872,,-0.11360774010438356,-0.9267504513023263,
,,,,,,,,,,,,,-0.4783965493734674,,0.029305422833395097,2.7220531716603262,
,,,,,,,,,,,,,0.329610644465876,,-0.029012964481651145,-0.6661851955979071,
,,,,,,,,,,,,,-0.8970819995014748,,0.06062669908523486,-3.5514155262292126,
,,,,,,,,,,,,,-1.3901576358936067,,0.09346627292818291,2.4306054347965547,
,,,,,,,,,,,,,2.7980420338500718,,0.2077292406301175,-0.5766156968607394,
,,,,,,,,,,,,,0.5590410221246297,,-0.020789100232007376,-0.06686328794409822,
,,,,,,,,,,,,,1.0102483706672498,,0.027283053964339235,-0.9607183432611163,
,,,,,,,,,,,,,0.7181269118105247,,0.05194075717097952,-1.714588518597591,
,,,,,,,,,,,,,-0.9684618510445622,,0.025258188650734318,0.7755743875674089,
,,,,,,,,,,,,,3.5447131357936335,,0.11306378083902979,-1.052792693451119,
,,,,,,,,,,,,,-1.2620460609078048,,0.036095919324941814,-0.7487344572000992,
,,,,,,,,,,,,,-4.173081553415626,,-0.32227312828563237,0.7787277144919484,
,,,,,,,,,,,,,1.876333847194937,,0.1494873397845343,0.9150803090760308,
,,,,,,,,,,,,,1.6151387522371798,,0.05263522443009167,1.2668571894302643,
,,,,,,,,,,,,,-0.5888655861768282,,-0.06438604187548248,0.65113146770181,
,,,,,,,,,,,,,2.3236525725892125,,0.0001995999647107337,0.346743406498929,
,,,,,,,,,,,,,-1.2562213374465214,,0.06073125199607477,-0.3136556185900031,
,,,,,,,,,,,,,1.2229504811098408,,-0.006610481765393086,1.146908970285601,
,,,,,,,,,,,,,0.7494701853376997,,-0.01709326186654267,3.2098292505126436,
,,,,,,,,,,,,,1.1920078728769032,,0.03820071045876607,1.226844612548184,
,,,,,,,,,,,,,1.5166360455536212,,0.0689277203953843,1.282109879403471,
,,,,,,,,,,,,,3.606749872723349,,0.16840591863024992,-1.0086564281589803,
,,,,,,,,,,,,,1.0900433642419478,,0.09092118208257274,0.531561472733204,
,,,,,,,,,,,,,-2.343788217623137,,-0.09719375997925203,2.1018202732324367,
,,,,,,,,,,,,,0.3993697379119426,,0.0891640283043242,0.056563231551686334,
,,,,,,,,,,,,,-0.8873671453533133,,-0.01693840663215552,-0.08316738323061362,
,,,,,,,,,,,,,1.397192435765574,,0.06424953117643775,0.46024983390453666,
,,,,,,,,,,,,,3.2612648884641153,,0.2559589876498661,-0.4092600843911694,
,,,,,,,,,,,,,1.9118565056208359,,0.08511655082017466,3.117509705706721,
,,,,,,,,,,,,,0.8282878396905493,,-0.0887786083466676,-0.7253250892036157,
,,,,,,,,,,,,,2.2660311779140434,,0.0040318933178004725,2.1157263636255603,
,,,,,,,,,,,,,1.5266511600970547,,0.07509444971889807,0.04954394373991807,
,,,,,,,,,,,,,-1.092487731273399,,-0.09737335178355298,1.0278136076568454,
,,,,,,,,,,,,,0.495202701315892,,-0.006659364481889627,0.1739722728643795,
,,,,,,,,,,,,,0.5863279745444877,,-0.12447882260429786,-0.10812641491751203,
,,,,,,,,,,,,,-2.243749171325582,,-0.3668032898051042,1.4093610777642143,
,,,,,,,,,,,,,2.700270106870787,,-0.11641592996717809,-0.8153640086385435,
,,,,,,,,,,,,,-0.48839482670804873,,0.05061158272595294,2.837530596001912,
,,,,,,,,,,,,,-0.8111419844626163,,-0.1447015578254229,-0.4322000236598845,
,,,,,,,,,,,,,-0.8586211636424487,,-0.09382311479328659,-1.956841625608887,
,,,,,,,,,,,,,0.9194617014611368,,0.17552924916961177,0.9654779162116114,
,,,,,,,,,,,,,0.6895768325533317,,-0.1313803102188712,-1.2980500911551214,
,,,,,,,,,,,,,-0.9334618321261117,,0.007521702187362689,-0.7044890720579811,
,,,,,,,,,,,,,1.502209059980825,,0.20205716077418512,-0.20389390995153564,
,,,,,,,,,,,,,-0.9253927317904668,,0.04173322275984546,-1.8199930451162778,
,,,,,,,,,,,,,0.14184970655546883,,-0.007905623692972274,-1.6993162367264822,
,,,,,,,,,,,,,3.4684580245848537,,0.14135804264156254,-2.4535679804164214,
,,,,,,,,,,,,,0.24222050444567833,,-0.013748605582362535,1.9958504431421906,
,,,,,,,,,,,,,2.4748740294077773,,0.1291373646732343,1.328984842091032,
,,,,,,,,,,,,,0.774259441923083,,-0.015708806208114785,0.13362978112417054,
,,,,,,,,,,,,,1.6355664316742136,,0.06751857763957128,-0.24173751048075248,
,,,,,,,,,,,,,-2.0442595047768175,,-0.04805839649447873,0.31309557934306564,
,,,,,,,,,,,,,1.1796745782766829,,0.11978808771866786,-1.6138508321964098,
,,,,,,,,,,,,,1.8452197499359584,,0.04820713160614244,1.1571566675830571,
,,,,,,,,,,,,,2.5526183617398117,,0.29452624645294284,0.05271373087500351,
,,,,,,,,,,,,,-0.4179695290064756,,0.018865752414000177,0.13361695078845703,
,,,,,,,,,,,,,1.5026259286646422,,-0.05807398057668184,0.7391415639778286,
,,,,,,,,,,,,,1.6052174965124348,,0.11386569113840239,0.5395963773081605,
,,,,,,,,,,,,,1.888974985644537,,0.008903278674233293,-1.0406622165134882,
,,,,,,,,,,,,,2.3665685024755274,,0.19947730327118235,1.7943662317497275,
,,,,,,,,,,,,,-0.2753595478492895,,-0.0022162307879850227,-0.27317757900278866,
,,,,,,,,,,,,,1.314715604843943,,0.10058316531458769,0.7485499573542003,
,,,,,,,,,,,,,-2.373879315084806,,-0.18132046745817643,-0.014008348469349024,
,,,,,,,,,,,,,-0.8884574616804152,,0.0034902413273023005,-2.584043850283279,
,,,,,,,,,,,,,-0.6773504115149257,,0.06956218244368126,-0.898628681856693,
,,,,,,,,,,,,,0.6154684556703567,,-0.02590614212302737,-1.4592392187041574,
,,,,,,,,,,,,,1.3122746638237115,,0.11598477993167751,-0.47249258582200326,
,,,,,,,,,,,,,1.7915886589240233,,0.28703326129556006,1.484947984777065,
,,,,,,,,,,,,,1.0506164404039815,,0.0822357704297328,-1.3648675321878645,
,,,,,,,,,,,,,-0.07205517935430768,,-0.05230995175744098,1.386475126695594,
,,,,,,,,,,,,,1.658456003027438,,0.14969035806361222,-0.5795190621419761,
,,,,,,,,,,,,,-1.016184702440365,,-0.08174104505763052,0.7388176061771194,
,,,,,,,,,,,,,-2.8754362838205183,,-0.1491161509759336,1.7700429753346874,
,,,,,,,,,,,,,1.8562224891050716,,-0.0027230808954361086,-0.012194136625696827,
,,,,,,,,,,,,,1.3004429797988635,,0.05937626531155814,0.6393216094601133,
,,,,,,,,,,,,,0.6648628898878448,,0.024250727916252546,1.8246959463857335,
,,,,,,,,,,,,,2.4224060914456698,,0.10685733500108506,0.9360949617743397,
,,,,,,,,,,,,,4.127294448716921,,0.20913883689696594,3.2872417254778203,
,,,,,,,,,,,,,0.9829260408877886,,0.04519007917810192,-2.6316869202645736,
,,,,,,,,,,,,,0.8457916826297,,0.019971788501376514,-1.7485886742210428,
,,,,,,,,,,,,,-1.8912717306166584,,-0.0692522701855875,-0.032517433450965395,
,,,,,,,,,,,,,1.303203934544626,,0.23906071377337426,1.6257514772283315,
,,,,,,,,,,,,,-2.282069283022563,,-0.22984905107265372,-0.8051155673615645,
,,,,,,,,,,,,,0.9504720216238607,,0.02702405306993419,-0.7714014460720194,
,,,,,,,,,,,,,0.7735092098063946,,-0.06849166466705163,-2.093274922912629,
,,,,,,,,,,,,,1.138009647259498,,-0.002085573003229186,-0.0750424028846307,
,,,,,,,,,,,,,0.826924701301009,,0.03635719031412341,-2.1220200543125975,
,,,,,,,,,,,,,1.0105475626405933,,-0.09275266504721033,0.8460030535906905,
,,,,,,,,,,,,,-0.7656421122659741,,0.09074069317844555,0.08522804321724774,
,,,,,,,,,,,,,0.47757868168765455,,0.10138113720505189,0.19252445709441127,
,,,,,,,,,,,,,1.8314162784585701,,0.2645698399688504,1.127972143887225,
,,,,,,,,,,,,,2.454174977862361,,-0.058416885343405646,-1.930903500012908,
,,,,,,,,,,,,,1.2230133524201205,,0.02312721135641843,-3.4023878335609794,
,,,,,,,,,,,,,-0.7142688260770022,,0.0374859095887761,-0.18034960907714745,
,,,,,,,,,,,,,0.7770927893927488,,-0.030877098656945635,1.4539127040816553,
,,,,,,,,,,,,,0.4660318838950863,,0.026371142656246578,-1.39464013375089,
,,,,,,,,,,,,,3.6769454801466623,,0.14351051950587523,-3.8496539334059436,
,,,,,,,,,,,,,1.603246519610555,,0.12375787195559516,1.989690608078091,
,,,,,,,,,,,,,1.11671101157706,,0.0908843416836775,-0.07237590691929575,
,,,,,,,,,,,,,1.0633035963945425,,0.08322814291899244,-1.6771078824436394,
,,,,,,,,,,,,,-0.8360509106014969,,0.06921103587878275,0.005541106670426964,
,,,,,,,,,,,,,1.3889159151744626,,-0.0865163472207924,-0.2645911533976606,
,,,,,,,,,,,,,1.173823276031785,,-0.1042693706139893,0.8205756383211497,
,,,,,,,,,,,,,0.11385639784774529,,-0.10725739356711567,-1.630869866595261,
,,,,,,,,,,,,,-0.8541613678483768,,-0.08411673592657962,-1.0430009962653752,
,,,,,,,,,,,,,-1.593973248725423,,-0.0015083347315179808,-0.5809964161842573,
,,,,,,,,,,,,,-0.4535629332348392,,-0.03578263263888941,0.3142395734355753,
,,,,,,,,,,,,,-2.030268948039099,,-0.14696495320917738,2.062221958865733,
,,,,,,,,,,,,,0.9230201503492235,,0.02274230227327174,-0.3189379316641517,
,,,,,,,,,,,,,0.15778285748758242,,0.017259827208868078,2.5334130139854842,
,,,,,,,,,,,,,0.7602198009724653,,-0.011438888968069732,0.1864594795756224,
,,,,,,,,,,,,,2.156756784350018,,0.14297147467603324,0.4287349651115445,
,,,,,,,,,,,,,3.174081364489271,,0.13545362007440967,-0.3240793707256978,
,,,,,,,,,,,,,2.4806573741117277,,0.039045412631802064,-1.7122318854203185,
,,,,,,,,,,,,,0.8715672296193953,,0.05044220005010274,0.323080092740147,
,,,,,,,,,,,,,-1.2361483012036556,,-0.0738725628556122,0.3824477639494872,
,,,,,,,,,,,,,-0.36342026026430646,,-0.02623673146619893,1.3592479602672745,
,,,,,,,,,,,,,1.4484714352395343,,0.1016552025721995,0.05107978741571407,
,,,,,,,,,,,,,1.0568756077946704,,0.05687025704347191,0.05736340326528458,
,,,,,,,,,,,,,2.294338643686246,,-0.04093714793419612,-0.5474736216081314,
,,,,,,,,,,,,,-0.6724797426081482,,-0.060403134612883436,0.050918536615628514,
,,,,,,,,,,,,,-1.9742006912534387,,-0.14573112524294246,-0.701306803073835,
,,,,,,,,,,,,,-2.013472372999947,,-0.05889059500994897,-0.47565628462753873,
,,,,,,,,,,,,,1.2323373300817444,,-0.013791729891100996,1.230598916047804,
,,,,,,,,,,,,,1.6015483043271723,,0.12154368602168465,-0.9578004105505245,
,,,,,,,,,,,,,-0.42482680222698677,,0.10305538300179244,2.300848609936427,
,,,,,,,,,,,,,-1.0672793419071047,,-0.05119394343965237,-1.09121963708959,
,,,,,,,,,,,,,1.5167708580262693,,0.19057484998234742,0.006641311275256837,
,,,,,,,,,,,,,0.7664721060971571,,-0.09538506134610251,-1.171324807579786,
,,,,,,,,,,,,,1.5215841882298184,,0.12101877211189813,-0.3120132373791047,
,,,,,,,,,,,,,0.4131006790399272,,-0.0356955740563271,-0.9021650553608238,
,,,,,,,,,,,,,0.9414493299916281,,0.01202705564427871,-1.377220826621398,
,,,,,,,,,,,,,-0.6325960140705853,,-0.0697677880802203,-0.06806650914094405,
,,,,,,,,,,,,,2.7514459518096817,,0.059035558894131764,-0.1370554740130706,
,,,,,,,,,,,,,-0.8217897818482852,,0.006842751997453332,-1.9280701251579413,
,,,,,,,,,,,,,2.2290025746964264,,0.135605899938438,2.1783219961492475,
,,,,,,,,,,,,,1.3395948361176266,,0.23951649757396767,0.8600207001833693,
,,,,,,,,,,,,,1.5594666219233109,,-0.0641300546822772,-0.6999195926665843,
,,,,,,,,,,,,,1.4528082402527074,,0.09665677480436738,-0.504064523811997,
,,,,,,,,,,,,,-1.2763287876441218,,0.07444732451735711,-1.5382952015762148,
,,,,,,,,,,,,,-1.7944652173018598,,-0.10518964470365076,0.2619750829965805,
,,,,,,,,,,,,,-0.476915285684232,,-0.07607603955996617,-0.6529513599688281,
,,,,,,,,,,,,,0.8980324141936161,,-0.016304115317034042,-1.3911423378937409,
,,,,,,,,,,,,,1.7762777234330323,,0.18345578847600288,-1.0777894136799122,
,,,,,,,,,,,,,-1.4747777219221176,,-0.11969781332082063,-1.818734760497639,
,,,,,,,,,,,,,2.4373519410532833,,0.24050870904205401,-0.29867055152911387,
,,,,,,,,,,,,,2.2102165234366686,,0.2103493923805133,-0.6412971553436189,
,,,,,,,,,,,,,1.3757213383985465,,-0.11659474880226138,-0.7121367499164514,
,,,,,,,,,,,,,0.47451796006483077,,0.005806589856188542,-1.3287321981608626,
,,,,,,,,,,,,,0.4123226205982021,,-0.2501926397792574,1.9510623699723086,
,,,,,,,,,,,,,0.17153187466707667,,0.0579008741726833,1.3821728737195398,
,,,,,,,,,,,,,-0.6765706858968338,,-0.009689064163094232,-1.1071089297335543,
,,,,,,,,,,,,,0.4105920151140558,,0.01810581869061461,2.942443899870132,
,,,,,,,,,,,,,0.5671868443689884,,0.10826085161181748,-2.396960304989864,
,,,,,,,,,,,,,1.9403120448552396,,0.13427136089957353,0.6134420566319346,
,,,,,,,,,,,,,0.660727975662339,,-0.08636272496797064,-1.0878311381665164,
,,,,,,,,,,,,,-0.541358467108647,,-0.014709135436270334,-1.5872915468933357,
,,,,,,,,,,,,,0.6355135326932604,,-0.07066221246042352,1.5380140341716464,
,,,,,,,,,,,,,1.0416097524806225,,0.052152798320967864,0.40729034751074544,
,,,,,,,,,,,,,1.092266382925494,,0.08065430110911052,0.792933881771171,
,,,,,,,,,,,,,-0.6764017167944825,,-0.08383853054244189,-0.2796170970083802,
,,,,,,,,,,,,,0.8059172234310605,,-0.038558373481414054,-1.3282721539457634,
,,,,,,,,,,,,,1.6283049539629586,,-0.005024778070662522,1.0729130602105952,
,,,,,,,,,,,,,0.06624895925409176,,0.07064975595158951,-0.25305086579439495,
,,,,,,,,,,,,,3.1242311734837953,,0.009035533302096143,-1.118286109395934,
,,,,,,,,,,,,,0.107192855895185,,0.062183713115084194,2.5042995992346517,
,,,,,,,,,,,,,-0.44106400035544835,,-0.0495086993880549,-0.5756944117615039,
,,,,,,,,,,,,,-1.1638410145688098,,-0.07187316098011212,-2.868023991622493,
,,,,,,,,,,,,,-1.124105273807863,,-0.024890770429457414,-0.816109216226437,
,,,,,,,,,,,,,-0.6587146795418511,,0.05132395031921772,1.0174621619498074,
,,,,,,,,,,,,,0.9802291818818994,,0.11823166444012023,-2.237584952253816,
,,,,,,,,,,,,,0.9729664084434123,,0.16086700304122042,-2.714105861785953,
,,,,,,,,,,,,,1.3773321992084282,,0.10188798579971894,-0.8015517614242147,
,,,,,,,,,,,,,-0.7000995740782289,,-0.05882769630211734,1.3706554242506792,
,,,,,,,,,,,,,1.177804605518828,,0.027029737297889767,-1.2331593917201058,
,,,,,,,,,,,,,0.7203245926700622,,-0.046749005949275044,2.3928068890940706,
,,,,,,,,,,,,,1.1768609456892236,,0.13848137857441728,-3.3024898512231142,
,,,,,,,,,,,,,2.152163196608558,,0.15017496968419333,-0.8821113913051506,
,,,,,,,,,,,,,0.8901294220246008,,0.13198097446365992,-1.3377142170048513,
,,,,,,,,,,,,,1.3971121445423251,,0.004586761341591156,1.4165000349879615,
,,,,,,,,,,,,,-1.2406844094011558,,-0.14248467937064022,-0.2068618740174029,
,,,,,,,,,,,,,1.029098961543457,,0.018327123927558073,2.291286671562514,
,,,,,,,,,,,,,-0.9390017707828516,,-0.05134252881338397,2.719833388944201,
,,,,,,,,,,,,,0.8278900383587604,,0.004511163094688928,1.3039329870639988,
,,,,,,,,,,,,,2.934080675376375,,0.10326465905069161,0.30283833299521284,
,,,,,,,,,,,,,0.6157754906037172,,0.02546289311874896,1.3495725253750364,
,,,,,,,,,,,,,-2.5269156990219668,,-0.2275318602618012,0.8154970905655088,
,,,,,,,,,,,,,0.19488954048547327,,-0.13131891610869825,-0.01689257777780389,
,,,,,,,,,,,,,1.1522359960705473,,0.10729877582966264,0.012566902405394492,
,,,,,,,,,,,,,-0.864289764886367,,-0.031292442073581804,1.751051144247062,
,,,,,,,,,,,,,-1.7039672415465728,,-0.08651100208608907,1.569174177960923,
,,,,,,,,,,,,,2.018013932095956,,0.1072348584846623,-0.6508453258335941,
,,,,,,,,,,,,,-0.8510671049198835,,-0.006552259766850618,3.0309053097551018,
,,,,,,,,,,,,,1.0393372657057034,,0.13477785135028073,-0.8015905831614009,
,,,,,,,,,,,,,0.0659666198486898,,0.03871587841681715,-0.6736245608425578,
,,,,,,,,,,,,,0.8893332668370268,,-0.032096151948776803,0.9473330197270426,
,,,,,,,,,,,,,-0.915287038109846,,-0.03810072017014372,2.6719897908059806,
,,,,,,,,,,,,,-1.2278459883357524,,-0.11014781176257402,-2.661129168629033,
,,,,,,,,,,,,,2.1239779167168518,,0.010548182290287257,0.2510450444501995,
,,,,,,,,,,,,,1.2432339735712472,,0.13015291944144966,-1.7362326599389992,
,,,,,,,,,,,,,4.055962271509024,,0.2668812798988044,2.0394723628842906,
,,,,,,,,,,,,,0.5656186220357384,,-0.03555111280448064,-0.7670208151751506,
,,,,,,,,,,,,,1.9253486050788793,,0.03991496300561813,0.06290240468830524,
,,,,,,,,,,,,,-0.8655080784960242,,-0.03015270323693742,-1.6971002647749274,
,,,,,,,,,,,,,-0.7960068387516249,,-0.00857966139061047,-0.34782400102948946,
,,,,,,,,,,,,,1.3153244179870778,,-0.0201072122510953,2.637435339079694,
,,,,,,,,,,,,,4.532263770644848,,0.2386276455589378,0.37737338755163924,
,,,,,,,,,,,,,-0.7269197690890796,,0.0712736767521002,0.05418575306630592,
,,,,,,,,,,,,,1.1805708982194947,,0.018986365960878115,-2.6882505070527483,
,,,,,,,,,,,,,2.845863908439601,,0.07210093785634825,-1.1674179444372454,
,,,,,,,,,,,,,3.4382824401278143,,0.1020319267136386,0.9089617046575992,
,,,,,,,,,,,,,1.3084986419991873,,-0.007526523275601144,-0.5007404942467093,
,,,,,,,,,,,,,1.7614463298968228,,0.12790933043586206,-1.5771841397156767,
,,,,,,,,,,,,,-2.6374435788057258,,0.00956658690197875,-0.5353190992313357,
,,,,,,,,,,,,,-1.2474563731371886,,-0.02698354190650928,-1.0410001337734605,
,,,,,,,,,,,,,-0.598756125238674,,-0.1552930666705421,2.894656006165588,
,,,,,,,,,,,,,-0.8913971652856355,,-0.10964689268138918,-0.7876041919179507,
,,,,,,,,,,,,,2.2402750649602923,,0.14985838333852805,-1.675452344709448,
,,,,,,,,,,,,,2.5718190457981107,,0.2343663631035927,-1.7539158926642018,
,,,,,,,,,,,,,0.679967260542704,,-0.06155996368005889,-2.418381961632559,
,,,,,,,,,,,,,-0.7380594748170468,,0.08425873918505888,0.20816810641019057,
,,,,,,,,,,,,,-0.4704674020434824,,0.10590580746618847,2.9946620056415374,
,,,,,,,,,,,,,-0.7175101885957426,,0.07686648532804762,0.317962952677681,
,,,,,,,,,,,,,-0.8256161492567352,,0.005147128259602598,2.5897866825627838,
,,,,,,,,,,,,,-0.9434470325686484,,-0.10695916633531291,0.5434271895032312,
,,,,,,,,,,,,,3.834325739984515,,0.09200260736833162,-2.4985551908250545,
,,,,,,,,,,,,,2.730664997324393,,0.31494443921546644,1.8494429890519417,
,,,,,,,,,,,,,0.4076714599840117,,-0.16101064067486737,0.6806742900451956,
,,,,,,,,,,,,,-0.6316144344871409,,-0.08572230744316882,1.3973641990769277,
,,,,,,,,,,,,,0.43602856628441244,,-0.0126768992165358,0.896535418499958,
,,,,,,,,,,,,,0.42943550196650804,,-0.08676187620681586,2.199649695283995,
,,,,,,,,,,,,,2.2160299102357635,,0.2221378635923166,-0.4701166610513487,
,,,,,,,,,,,,,1.2214794186521476,,0.24889529340776786,-1.1876669994004394,
,,,,,,,,,,,,,-1.2144524258694775,,-0.17872895030273245,-1.2649961361766202,
,,,,,,,,,,,,,3.307732216343307,,0.19114869077221705,3.707357309944097,
,,,,,,,,,,,,,3.052414453692204,,0.21898000505043597,0.4992824058122589,
,,,,,,,,,,,,,0.13559417368351695,,-0.0751282095062795,2.48987382234088,
,,,,,,,,,,,,,-0.4390537663294456,,0.07167082329203746,-1.9066050896135518,
,,,,,,,,,,,,,0.7411335677451819,,0.08940763520208253,1.385035589172055,
,,,,,,,,,,,,,4.961432145298324,,0.20368642538491932,-1.6238879775747486,
,,,,,,,,,,,,,2.4380583021960702,,-0.003371924676193806,-1.184975603789074,
,,,,,,,,,,,,,2.250384947675792,,0.027666087623510187,-0.3124903722154368,
,,,,,,,,,,,,,-1.1811129737846857,,-0.10331120503417755,-0.6061719363446679,
,,,,,,,,,,,,,-0.6732432131212829,,-0.09528660240615199,0.829388183011362,
,,,,,,,,,,,,,0.5427290960566049,,-0.011367580604155273,-2.944173916916512,
,,,,,,,,,,,,,-0.7321634402438136,,0.002395803586049652,1.547397720976925,
,,,,,,,,,,,,,1.226949569942973,,0.08379433950565003,1.0222926972749673,
,,,,,,,,,,,,,-0.34106295374610973,,0.15533740969093826,1.9236318031169124,
,,,,,,,,,,,,,0.4573528364891107,,0.048827071570579805,1.037183539552795,
,,,,,,,,,,,,,1.0848815217926213,,0.07796227206891193,2.51427727254577,
,,,,,,,,,,,,,-1.5003836182432075,,-0.1678088018528218,1.1709484548944862,
,,,,,,,,,,,,,-0.34345588328192245,,0.007377533942341702,-3.080556760302793,
,,,,,,,,,,,,,-0.23699500076429666,,0.008831808438476372,-0.8337189823793105,
,,,,,,,,,,,,,3.1308973179957875,,0.22383997263927569,-0.7008168394206822,
,,,,,,,,,,,,,-1.439471790880726,,-0.07568009390001093,-2.6094450350844163,
,,,,,,,,,,,,,0.9062709523065874,,0.21869920011470217,-0.16223984228593874,
,,,,,,,,,,,,,3.01790597562652,,0.21821274764812698,-0.051598112894166936,
,,,,,,,,,,,,,2.061563301663291,,0.10513409168868877,-1.101225018788307,
,,,,,,,,,,,,,-0.9501745979343723,,0.018309337386260473,1.714665234113017,
,,,,,,,,,,,,,3.200007437058237,,0.1869613155580588,0.4585283702362488,
,,,,,,,,,,,,,1.081624450019041,,0.12250155047852926,-1.6060953404338936,
,,,,,,,,,,,,,-2.556896596921688,,-0.145213911968384,-0.3042642641875154,
,,,,,,,,,,,,,1.5210063833885477,,0.05628574974300766,-1.8142527883043762,
,,,,,,,,,,,,,3.187089725370315,,0.02280761904389704,0.5585218320178307,
,,,,,,,,,,,,,1.7563633865592818,,-0.007976360338577347,0.2209765594076279,
,,,,,,,,,,,,,-0.6236254207945018,,0.012634440399435657,1.0834572535531755,
,,,,,,,,,,,,,-0.848945688362831,,0.04096063196201271,0.5651648696320002,
,,,,,,,,,,,,,0.5528311674655634,,0.06164043122430005,0.061363263703443645,
,,,,,,,,,,,,,0.3390140226018002,,0.05615859582460449,-0.0900763584282609,
,,,,,,,,,,,,,0.5385662937219334,,0.022876296252929997,1.7420938158170285,
,,,,,,,,,,,,,3.7361659188568788,,0.1104677506797613,-2.18639132017376,
,,,,,,,,,,,,,0.4591577142928487,,0.10044740776702002,1.3285193783284097,
,,,,,,,,,,,,,3.150495986780369,,-0.0433332732414172,-1.8645325741731689,
,,,,,,,,,,,,,3.45018354892116,,0.391861876230054,1.2152052957014687,
,,,,,,,,,,,,,0.621094656828798,,-0.08811572787168655,1.2667949135885213,
,,,,,,,,,,,,,1.4812866693133118,,0.04739967832233545,-0.6403081956642201,
,,,,,,,,,,,,,0.3032360240369994,,0.04451240166789601,-1.2226225336087835,
,,,,,,,,,,,,,-1.0163925076316156,,0.01734365876716354,-2.029764839679974,
,,,,,,,,,,,,,-1.2506134672708877,,-0.01955422813924565,-1.2882043186513985,
,,,,,,,,,,,,,-0.7215721270296714,,0.02256423250542107,1.7114147592427134,
,,,,,,,,,,,,,1.8423407768617561,,0.07334016067165394,-2.7315752717883703,
,,,,,,,,,,,,,3.6386976755494347,,0.11910009635356796,-3.59792813771353,
,,,,,,,,,,,,,1.334437642831827,,0.10013039530422582,-0.4981192053819417,
,,,,,,,,,,,,,2.643102229292153,,0.19320689781091754,0.10451467896283644,
,,,,,,,,,,,,,0.034898556496409015,,0.05602907070545724,1.7092214119151108,
,,,,,,,,,,,,,-1.8636749153839276,,-0.11297063465719713,1.3196271786143303,
,,,,,,,,,,,,,-0.6440466121615206,,-0.011426546147418585,1.0812732472468323,
,,,,,,,,,,,,,4.616957907876926,,0.2627780176799626,0.6815461170613302,
,,,,,,,,,,,,,-2.1650346736795782,,-0.05662631899695609,-1.2533917994417372,
,,,,,,,,,,,,,0.12152427357446016,,0.05969866661725789,-1.3344784930220366,
,,,,,,,,,,,,,0.7686065464671706,,0.05057022623709094,-1.904837819205895,
,,,,,,,,,,,,,-2.5827446363690796,,-0.15570766282526596,-1.6441374044306145,
,,,,,,,,,,,,,1.1210318461847657,,0.10337237392482707,-1.3495792360804773,
,,,,,,,,,,,,,0.7319751412456406,,0.13328973975427985,-0.14082133465242494,
,,,,,,,,,,,,,1.7856250549444337,,0.1538713686155887,-0.004514867052368303,
,,,,,,,,,,,,,1.564807511854846,,-0.017372864194545333,-1.9298102472685033,
,,,,,,,,,,,,,-0.662270172420401,,-0.05876516510261574,-1.065204845225103,
,,,,,,,,,,,,,0.258505214263289,,0.006391768907260018,-2.421009881830622,
,,,,,,,,,,,,,0.5571389577685693,,0.07263751286890688,1.3202669269197145,
,,,,,,,,,,,,,2.6955613225381674,,0.08295154928362308,-2.6215834631232515,
,,,,,,,,,,,,,3.911606961330921,,0.04927684313587018,0.3111040896714416,
,,,,,,,,,,,,,0.6435391589386129,,0.0666874075739808,2.3981348490068086,
,,,,,,,,,,,,,-0.8943111813852016,,0.001907232045174798,-0.5651567954876191,
,,,,,,,,,,,,,0.6418940491997247,,0.026949721995639123,-0.584021688405661,
,,,,,,,,,,,,,0.8700999546335063,,0.0846098808408954,-0.4105115096691445,
,,,,,,,,,,,,,-2.5864830642242604,,-0.14808618909213958,-1.2199508340455214,
,,,,,,,,,,,,,-3.8159966879370546,,-0.2655064849542494,-0.22149238651658956,
,,,,,,,,,,,,,1.977311015469478,,0.24312523300409647,-3.0531859865661017,
,,,,,,,,,,,,,-2.904195141860886,,-0.21613540560652972,-0.08425090482937385,
,,,,,,,,,,,,,2.190548321290521,,0.17260505673449214,-1.624223378132601,
,,,,,,,,,,,,,-1.9144184593815228,,-0.19760975822685634,-0.4523487220864077,
,,,,,,,,,,,,,-3.5677475933876064,,-0.30322215697877547,0.38818978250714364,
,,,,,,,,,,,,,0.9356512812647811,,0.05550494452861435,0.9815922841590213,
,,,,,,,,,,,,,2.3922845703579614,,0.17321648243731502,1.27622550568556,
,,,,,,,,,,,,,-0.5835960556186022,,0.051078048880030154,0.4648404169254997,
,,,,,,,,,,,,,-1.0053988735587551,,-0.038671258653939194,1.2462908083193538,
,,,,,,,,,,,,,0.27465897009986295,,-0.20759719283616562,1.5567382579357518,
,,,,,,,,,,,,,1.230468097449991,,-0.07935830657225139,0.9848015925206051,
,,,,,,,,,,,,,-0.5057815907016279,,-0.17112392285624103,-2.6256559448312102,
,,,,,,,,,,,,,1.7522006019387544,,-0.04478648291043048,1.4111187194105836,
,,,,,,,,,,,,,0.6357554848571881,,0.021577928406746123,0.7450335663138111,
,,,,,,,,,,,,,1.8682756884291989,,-0.021358296455139016,0.6357086723117455,
,,,,,,,,,,,,,2.6688612522028365,,0.09229958035212424,-1.9042370081486304,
,,,,,,,,,,,,,1.7496295795966108,,-0.009954746922606953,1.5845532443507897,
,,,,,,,,,,,,,1.122689463274067,,0.14376584721341726,-1.171209981225724,
,,,,,,,,,,,,,-2.1311832123948915,,-0.19942911235226332,1.2097337960371624,
,,,,,,,,,,,,,-0.29673345282801317,,0.0894802509969736,-1.2613747171108287,
,,,,,,,,,,,,,2.8460531879297224,,0.12168793109111521,0.2898523870545695,
,,,,,,,,,,,,,1.7939679168560203,,0.03367566754441138,-0.5749500537976622,
,,,,,,,,,,,,,2.343752654195761,,0.12382339180202562,-1.9537720521729567,
,,,,,,,,,,,,,0.6109360608036635,,0.17771637895294878,0.4058643003589734,
,,,,,,,,,,,,,0.5984030292879314,,0.0647308003177137,-1.766528739812969,
,,,,,,,,,,,,,-1.2967130083389304,,-0.04917733943803042,0.18144133559213416,
,,,,,,,,,,,,,1.436163145517478,,0.06495935129143902,-0.4041583689506147,
,,,,,,,,,,,,,-1.17699553702763,,-0.04385969964675913,-2.0486994516136914,
,,,,,,,,,,,,,-1.35930332805174,,0.09949105446752757,-0.06854747256103705,
,,,,,,,,,,,,,-2.285034947255377,,-0.09953302519009305,-0.541935076889848,
,,,,,,,,,,,,,1.4345943961065863,,-0.11591604321492366,2.215782398069357,
,,,,,,,,,,,,,-0.5658958705032239,,0.006378849563174173,0.22397580241404602,
,,,,,,,,,,,,,1.6592442323354801,,0.10174911803920077,0.5672195169076649,
,,,,,,,,,,,,,-0.43330696519866024,,-0.017231201013655245,-4.869513515314544,
,,,,,,,,,,,,,0.5391680676290921,,-0.03629288406947412,3.0800918014945484,
,,,,,,,,,,,,,1.19077931837737,,0.14738561247152357,0.3004494570168233,
,,,,,,,,,,,,,0.2662060846443979,,-0.0626214576213169,0.1842292194342052,
,,,,,,,,,,,,,0.4008141237814961,,0.019002495757724912,0.6835812702900906,
,,,,,,,,,,,,,0.7476229737017454,,0.08213510886469261,0.8830144209808228,
,,,,,,,,,,,,,2.132324373776717,,0.2102538543609581,1.3805456823787878,
,,,,,,,,,,,,,-1.3290987924590976,,-0.10970674375641816,-0.25770032769275836,
,,,,,,,,,,,,,-1.8085077292648752,,-0.29483748842560514,0.8054181227119038,
,,,,,,,,,,,,,1.137324724377828,,0.10008949949616329,3.5202030940986435,
,,,,,,,,,,,,,-1.3319495028187616,,-0.13389107260412098,1.0961783981956696,
,,,,,,,,,,,,,-0.3509729191346877,,0.004754810571498961,0.6528861446606623,
,,,,,,,,,,,,,0.5885096825351174,,0.10711237929961082,-2.498311334988203,
,,,,,,,,,,,,,-0.949995477269623,,-0.1399922034056295,-1.7248880476044872,
,,,,,,,,,,,,,0.460568728148357,,-0.2446011758082341,-3.1087793595200215,
,,,,,,,,,,,,,2.5743523232919143,,0.1969848322498186,1.284863661091152,
,,,,,,,,,,,,,1.6235807092773356,,0.0847589210088014,0.8435242316759207,
,,,,,,,,,,,,,0.9578300715725184,,0.061563329750047545,-1.1220878263722738,
,,,,,,,,,,,,,1.5396507030746385,,0.05546841553941664,0.3984133874074702,
,,,,,,,,,,,,,3.0876588589656597,,0.1683864359939837,-0.2682011801133406,
,,,,,,,,,,,,,0.6094172549352198,,0.018197145595616842,-1.895805781885967,
,,,,,,,,,,,,,0.832632631110849,,0.052200067942865,-1.0275057308386222,
,,,,,,,,,,,,,2.7437251236781854,,0.214893499736801,-0.21746088549638165,
,,,,,,,,,,,,,2.9420884620619523,,-0.10119698670121423,0.20508506185564515,
,,,,,,,,,,,,,0.09662510975270738,,-0.039102201910119413,0.537858463995262,
,,,,,,,,,,,,,0.3627680287350593,,0.06050020767027117,1.0721991923210767,
,,,,,,,,,,,,,0.25546785945583317,,0.11837987442854306,-3.7026257389293606,
,,,,,,,,,,,,,-0.8992772846327605,,-0.004016213001813137,1.1495307584359822,
,,,,,,,,,,,,,0.698338087577622,,0.07587768819715456,1.2572981118590798,
,,,,,,,,,,,,,3.5884871675798333,,0.1669694817777761,1.6863766259773465,
,,,,,,,,,,,,,0.3259688682236761,,0.06367785532866366,2.585935118318362,
,,,,,,,,,,,,,-1.3276276217587923,,0.03779678714454375,-1.0591446601625547,
,,,,,,,,,,,,,-0.5047355447996187,,0.002990506537784178,-2.28805394333739,
,,,,,,,,,,,,,0.8251475921362099,,0.1274653031816355,-0.6069422914595913,
,,,,,,,,,,,,,-0.6986214095611435,,-0.12671007757234734,-1.4680160283249726,
,,,,,,,,,,,,,-0.031706360547649574,,0.04417090390872929,-0.06639546695087106,
,,,,,,,,,,,,,2.160418649055696,,0.09855174687459695,1.6425241163073099,
,,,,,,,,,,,,,-2.29466428658165,,-0.1288871355628326,-2.1203525919937087,
,,,,,,,,,,,,,-0.9478637481038211,,0.11439275533153467,-3.623252198493162,
,,,,,,,,,,,,,-0.44079282487068816,,0.03297587373260163,0.5467085696394162,
,,,,,,,,,,,,,-0.41431775378203994,,-0.06826156959012211,0.9543817248702043,
,,,,,,,,,,,,,-0.27360646798376564,,0.01650214627642291,-2.0213720979596235,
,,,,,,,,,,,,,1.852731428967238,,0.15725769579299292,-2.0059987049291617,
,,,,,,,,,,,,,-2.165934860150066,,-0.036099809891246434,0.8410029489617021,
,,,,,,,,,,,,,2.1623897721896297,,0.025870017945313007,1.23932390025011,
,,,,,,,,,,,,,-2.00505789429534,,-0.21690373536137322,-1.249923586972416,
,,,,,,,,,,,,,0.3550180039429711,,0.11935224615114784,-0.7836903061352986,
,,,,,,,,,,,,,-0.5545793218241531,,-0.044139104758449864,3.905743047083563,
,,,,,,,,,,,,,2.897917250039401,,0.0840453414995447,-1.913712461922516,
,,,,,,,,,,,,,1.4836809184471924,,-0.051751359992478575,0.31427894984678634,
,,,,,,,,,,,,,0.9449621877809294,,0.029684282917995002,0.8186155798722565,
,,,,,,,,,,,,,2.1594458480328798,,0.24960355749520582,0.14658406233307406,
,,,,,,,,,,,,,2.233653010124609,,0.09434354885618623,1.5227969117682032,
,,,,,,,,,,,,,-2.4026374879256585,,-0.10215498859486949,-0.1405092890675639,
,,,,,,,,,,,,,-0.821954689062181,,-0.15430031383098872,-0.83432080503095,
,,,,,,,,,,,,,-0.6177000639198295,,-0.06157092554036352,-2.308693316999604,
,,,,,,,,,,,,,1.3388996573783745,,0.13587185109943162,-2.11688167564665,
,,,,,,,,,,,,,0.7999546930424194,,-0.006196911732507652,-0.9190204788104378,
,,,,,,,,,,,,,2.4558518077259324,,0.035474628190786776,-1.6099573907308575,
,,,,,,,,,,,,,1.0828863697957765,,0.015860047541176283,-0.34499831305222356,
,,,,,,,,,,,,,1.1518217394158612,,0.17481180323731044,0.3118505796927851,
,,,,,,,,,,,,,2.3493079234782344,,0.09864450323571897,0.7166622613419564,
,,,,,,,,,,,,,2.248234568772737,,0.09263612498069215,1.5708622126163312,
,,,,,,,,,,,,,1.7469558281524413,,0.09871307935336007,0.84341215510746,
,,,,,,,,,,,,,1.588548503939583,,-0.03423582214085566,1.5498315323183895,
,,,,,,,,,,,,,0.7457064718894918,,-0.05074282400001352,1.2396779247020833,
,,,,,,,,,,,,,-0.8367369010748306,,-0.045615925567112116,0.020172144178486798,
,,,,,,,,,,,,,-0.8616153682109244,,-0.12279390116881675,0.29142393561486646,
,,,,,,,,,,,,,0.3716515533273918,,-0.026786238304688476,-0.17526634850628597,
,,,,,,,,,,,,,3.078300146885304,,0.26370862215531726,1.6525645675031289,
,,,,,,,,,,,,,2.404224618698484,,0.093431641935352,-0.9414079818769363,
,,,,,,,,,,,,,0.8772304165949378,,-0.045261985098190474,-3.16207851234051,
,,,,,,,,,,,,,-0.3423388827246948,,-0.030800977186517076,0.3419295091831987,
,,,,,,,,,,,,,1.4744005888490195,,0.05501355849865018,0.5627827057439645,
,,,,,,,,,,,,,1.2560920642362425,,-0.009062527631523999,-0.42968205024367023,
,,,,,,,,,,,,,1.3406290096635538,,0.06034081622872898,0.002371163521972812,
,,,,,,,,,,,,,2.139102065403371,,0.20221450103502914,-0.5683496461218752,
,,,,,,,,,,,,,2.4160337849305797,,0.14260645596561058,0.1868655199704539,
,,,,,,,,,,,,,0.3698619395065779,,0.24267275430751886,-2.0444274910708864,
,,,,,,,,,,,,,1.0751477781583476,,0.28346062570476455,0.7744148049067675,
,,,,,,,,,,,,,1.7045508010764683,,0.17138377802307223,0.3056252199162121,
,,,,,,,,,,,,,-0.06400040913032787,,0.13975273861186005,0.471822698034592,
,,,,,,,,,,,,,1.9071590625587131,,0.16828595376480368,-0.06709840323256488,
,,,,,,,,,,,,,1.8585997782543473,,0.08297227060592836,0.796065619531077,
,,,,,,,,,,,,,-0.2870658327866994,,-0.0023964015365739067,2.759916996828028,
,,,,,,,,,,,,,0.2026745090217542,,-0.10601563002321987,-2.649140187019214,
,,,,,,,,,,,,,-2.864652326713786,,-0.29593404620454594,-1.4791863304764206,
,,,,,,,,,,,,,2.0301669863153555,,0.20704013525244588,0.8166790411793218,
,,,,,,,,,,,,,2.0580860617313803,,0.1381494158711595,0.8255459313297406,
,,,,,,,,,,,,,1.5706166819625444,,0.14122151520313708,0.0023768994812060833,
,,,,,,,,,,,,,1.0299709949993543,,0.08024982309277935,0.1752123004846536,
,,,,,,,,,,,,,-0.1948190589878243,,-0.0725811974281954,0.25448176288746,
,,,,,,,,,,,,,1.1588186257822723,,-0.01994276053750327,0.37532549415288413,
,,,,,,,,,,,,,2.229909477940847,,0.263873036568873,-0.17404081036261515,
,,,,,,,,,,,,,2.7192076392248192,,0.09285975567196829,1.300586062950053,
,,,,,,,,,,,,,4.014166833385645,,0.28905408042935604,-0.24716852418930446,
,,,,,,,,,,,,,-2.072255019513339,,-0.12380552344082241,1.1214875335990198,
,,,,,,,,,,,,,0.358180568297767,,0.023839518429620784,-0.06996612234585353,
,,,,,,,,,,,,,0.9984620557277915,,0.010227643703156953,0.23514113504781053,
,,,,,,,,,,,,,0.8636162737515916,,-0.16483866001420341,-0.9047156699049531,
,,,,,,,,,,,,,0.987213251357873,,-0.10645825884362252,-2.4521879333314143,
,,,,,,,,,,,,,3.688125227663758,,0.05453121929315284,-2.1000074095993186,
,,,,,,,,,,,,,0.4900791320668699,,0.10206108883877994,0.31635667685965596,
,,,,,,,,,,,,,0.9296133393766927,,-0.004623149553118627,1.905844197021189,
,,,,,,,,,,,,,-1.1341182132082137,,-0.10004736805421748,-2.1138300534237473,
,,,,,,,,,,,,,-1.527447957489009,,-0.015281507353345847,1.062370098014694,
,,,,,,,,,,,,,0.8938094578544984,,0.16869728656836996,-1.1155151594322226,
,,,,,,,,,,,,,0.8880050964726525,,-0.04882719424705306,2.120667575689134,
,,,,,,,,,,,,,-0.7388245755228654,,0.06553632569865907,-0.6188971324036397,
,,,,,,,,,,,,,-3.419732569806209,,-0.3374740298619402,0.5029175993065238,
,,,,,,,,,,,,,0.9621173990179108,,0.008338254093034349,-0.1755216811905641,
,,,,,,,,,,,,,1.0801961129269173,,0.10617451265145475,0.003974370145208093,
,,,,,,,,,,,,,-2.541105886957528,,-0.1095966179972079,-0.53918104958053,
,,,,,,,,,,,,,-0.46942345744095426,,0.1038434907081106,-1.2910851465079587,
,,,,,,,,,,,,,-1.5177956753128041,,-0.09095842473870094,0.4534194235029157,
,,,,,,,,,,,,,-2.128582824338859,,-0.06930560455391545,1.135417398489212,
,,,,,,,,,,,,,-0.8976156497899751,,0.004120313068432526,-0.49190114872463053,
,,,,,,,,,,,,,-1.8931587481762888,,-0.17067321056744925,2.6909170073895434,
,,,,,,,,,,,,,0.45730754366911125,,0.030405649602469397,-0.8162866719507903,
,,,,,,,,,,,,,1.3566313653885826,,-0.07029533621356286,-0.8394237767084228,
,,,,,,,,,,,,,0.47088749218280784,,0.04794010079290276,0.03247742523823707,
,,,,,,,,,,,,,-0.08045886305542915,,0.09927852824920647,0.17264333989098812,
,,,,,,,,,,,,,0.860141417400913,,0.08130094223806086,1.249217581024467,
,,,,,,,,,,,,,1.0879401862208713,,-0.0276854326273789,1.871077414951325,
,,,,,,,,,,,,,0.6676953021146458,,0.08359280673633793,-0.12554358619831968,
,,,,,,,,,,,,,0.7906183220924211,,0.09355501677272077,1.686313611070692,
,,,,,,,,,,,,,-0.5262216598426775,,-0.02653888163957153,-1.1103250179736535,
,,,,,,,,,,,,,3.6208104161493653,,0.24075383358510832,0.2554339737619356,
,,,,,,,,,,,,,-1.549870229223138,,-0.07314426995014943,-1.1960057052116517,
,,,,,,,,,,,,,0.9253238444953783,,-0.015717498751251786,1.119230574752914,
,,,,,,,,,,,,,0.8423123428255133,,0.07812858735146336,-1.3234518755393514,
,,,,,,,,,,,,,-1.2901101323735913,,0.0019131939483315841,1.1745889604351931,
,,,,,,,,,,,,,2.994514662718082,,0.063706537284361,-1.3571937204500786,
,,,,,,,,,,,,,1.9308445297516068,,0.08797519721840365,-2.6872261961774444,
,,,,,,,,,,,,,0.6150419111000222,,0.153666685835413,-2.164740324830894,
,,,,,,,,,,,,,2.5555134832119544,,0.19753478362030494,0.19955793659718685,
,,,,,,,,,,,,,2.059002022904819,,0.02286878583584944,2.456870124888682,
,,,,,,,,,,,,,-1.2574533820639697,,0.10518651434202632,0.4396798579939578,
,,,,,,,,,,,,,-1.8447356306277303,,-0.1474723419790149,0.4497126613072624,
,,,,,,,,,,,,,1.3341833430169894,,0.1506893569438206,-1.0289701967144598,
,,,,,,,,,,,,,1.535247418461896,,0.20461832324383744,1.076358978721584,
,,,,,,,,,,,,,1.7929792599702847,,0.05981666411332866,0.5002482781206689,
,,,,,,,,,,,,,0.472875909605802,,0.023972274646313498,1.1605900836675467,
,,,,,,,,,,,,,0.8752837120231354,,-0.17153643351283787,0.7232296335968956,
,,,,,,,,,,,,,-2.943619293861344,,-0.2867258011735721,-0.3409684787512171,
,,,,,,,,,,,,,2.7330682578586383,,0.03494665603456718,-0.5764035150138729,
,,,,,,,,,,,,,1.4123032369563993,,0.012295007880729819,0.037778229364553224,
,,,,,,,,,,,,,-1.02863190632278,,0.05696632640994335,-1.1547569577900294,
,,,,,,,,,,,,,-1.2290197562365834,,-0.017030112703700587,0.5151377440279139,
,,,,,,,,,,,,,2.3920844102879415,,0.13340713183833652,-1.8284856567467302,
,,,,,,,,,,,,,1.0861750165111372,,0.11524363143610221,0.010856762943840787,
,,,,,,,,,,,,,2.3334052324226504,,-0.0031889897607560733,-0.26184339617564445,
,,,,,,,,,,,,,1.1052146801814098,,0.10354318081575818,1.080375583287632,
,,,,,,,,,,,,,1.6573531292311772,,0.12506947220726602,0.6921409209351296,
,,,,,,,,,,,,,0.37161522233069455,,0.08853220893435693,-0.35024465309695674,
,,,,,,,,,,,,,0.37981482135229666,,-0.04300382392576302,0.2829335837889698,
,,,,,,,,,,,,,1.8293019809150333,,0.04123499009499777,-1.1232240310136572,
,,,,,,,,,,,,,-1.4089121463481233,,-0.038515719977236476,-1.7920747214444295,
,,,,,,,,,,,,,1.5002993322377662,,0.03351409650449985,-1.2198725908458274,
,,,,,,,,,,,,,-0.6029106480702322,,0.03170311976094466,-1.4287551032520796,
,,,,,,,,,,,,,2.118169471936434,,0.005362506389612496,1.9661052755386534,
,,,,,,,,,,,,,1.7902419972523254,,-0.05197741471014048,-0.3841384889560219,
,,,,,,,,,,,,,0.17690649395050762,,0.012765354826021414,0.23542892257801393,
,,,,,,,,,,,,,0.7453419507256566,,-0.2807863060027357,-1.5078678242788777,
,,,,,,,,,,,,,1.1722242554377178,,-0.018773514302772288,2.012176455698233,
,,,,,,,,,,,,,2.4254514514356513,,0.10255849045752215,-1.4468771813305823,
,,,,,,,,,,,,,1.581046402883653,,0.07794678679131944,-1.0507644423990192,
,,,,,,,,,,,,,-0.43110703622149343,,-0.19208189332479697,-1.0867347370174907,
,,,,,,,,,,,,,1.0354768647941275,,0.08074317203440784,0.5992394263845162,
,,,,,,,,,,,,,0.8156131539803205,,-0.012960696817335277,-1.8337896237721711,
,,,,,,,,,,,,,1.5014021201563137,,0.1260294061426907,3.607441896709034,
,,,,,,,,,,,,,-0.03377281915624746,,0.0007273326424414131,-1.6514539961259767,
,,,,,,,,,,,,,1.4701595409945754,,-0.005901207093506129,0.8271807513374595,
,,,,,,,,,,,,,-1.1157642895570539,,0.0514729879281283,-0.6722917441857083,
,,,,,,,,,,,,,1.9861389483672578,,0.17974683077127157,-1.1625787861259116,
,,,,,,,,,,,,,0.36939082273270735,,-0.09691257718878066,2.0104260856222096,
,,,,,,,,,,,,,1.9114489743472147,,-0.05458201743041022,1.6865236916370414,
,,,,,,,,,,,,,1.6300087532424137,,0.11197084753111422,-0.31379765461786907,
,,,,,,,,,,,,,1.7811618258837947,,0.08469867739565662,-0.3941797700755505,
,,,,,,,,,,,,,-1.2884616079399642,,-0.13912732628732694,0.8459789459119884,
,,,,,,,,,,,,,3.0967348656650486,,0.20759678283839267,0.2684499335067781,
,,,,,,,,,,,,,0.40804039294602157,,0.08607243273287203,-0.9784234854521072,
,,,,,,,,,,,,,1.9539599502530738,,0.23759311566040536,-0.040774647570736545,
,,,,,,,,,,,,,0.7163407184584124,,0.047654761392005036,-0.6191708904980955,
,,,,,,,,,,,,,1.3979178854815852,,0.17299768941894972,0.34116366694649647,
,,,,,,,,,,,,,-1.6158853570603229,,-0.1618085168410113,0.3537100767988399,
,,,,,,,,,,,,,-0.6118429136177638,,-0.01955911492188304,-0.8549133674038915,
,,,,,,,,,,,,,-0.7115128296321183,,0.043241676097176225,0.6472470157681742,
,,,,,,,,,,,,,-1.6062483969020265,,-0.10120072196176834,0.967815214473645,
,,,,,,,,,,,,,2.4655537080503733,,0.22848466630080877,-0.017734542025353864,
,,,,,,,,,,,,,1.0865291439051625,,0.036934606980557935,1.2540476408624908,
,,,,,,,,,,,,,0.822771016277846,,-0.1158203952085609,-1.2532489531975555,
,,,,,,,,,,,,,1.7920700750005707,,0.14939833836917984,-1.2775351677516518,
,,,,,,,,,,,,,2.541420192378768,,0.09489249671817744,-0.7569780105393886,
,,,,,,,,,,,,,0.44485591456752044,,0.07781813738274487,0.7108134753994064,
,,,,,,,,,,,,,2.145054079560792,,0.14602303165169092,0.11176433908400979,
,,,,,,,,,,,,,-0.5428230987548314,,0.005896219298735597,-1.271245157225662,
,,,,,,,,,,,,,3.285914689113273,,0.19922958527641876,-1.3158671671635098,
,,,,,,,,,,,,,0.7856651609621053,,-0.04339879087125894,1.77656593985159,
,,,,,,,,,,,,,-0.797331710118487,,-0.0617237306143813,0.019047556331184247,
,,,,,,,,,,,,,-1.269785968193205,,-0.1003947503116909,0.5064094767799837,
,,,,,,,,,,,,,-0.7584547592475345,,-0.1066309938184994,2.142139419151269,
,,,,,,,,,,,,,1.203839471745729,,0.1304029183192571,0.9993504063586505,
,,,,,,,,,,,,,0.8842647500483363,,-0.11099612424381881,-0.9726879432306454,
,,,,,,,,,,,,,0.48593004727006267,,0.10515378262086375,0.0473217685983156,
,,,,,,,,,,,,,0.6898748089091389,,0.06243193217369066,-0.8521308638768337,
,,,,,,,,,,,,,2.8839956704643983,,0.12921980539926106,-1.616423059574816,
,,,,,,,,,,,,,-0.825623151039705,,0.05949009096365145,-1.246656755575395,
,,,,,,,,,,,,,-1.1370902728928889,,-0.0779407873363689,-0.7831460015258953,
,,,,,,,,,,,,,0.08071775743694008,,-0.00031383632696949847,1.6687506570798964,
,,,,,,,,,,,,,0.38858537550851163,,0.1045026732098991,-0.30019519174698733,
,,,,,,,,,,,,,-0.4402211444597298,,-0.1276505024238765,-2.4830829168038253,
,,,,,,,,,,,,,-0.7895108740120034,,-0.04516891383606954,-1.1755248459453413,
,,,,,,,,,,,,,1.235045844441878,,0.2234227378545833,1.2540988648530664,
,,,,,,,,,,,,,0.5418089852099048,,0.052292945444827814,-1.6912225100974687,
,,,,,,,,,,,,,0.31995231120341827,,0.05051478252141267,1.259755140615918,
,,,,,,,,,,,,,-0.9319697028912795,,-0.20340251028181147,-0.6454374938852276,
,,,,,,,,,,,,,1.430478795543884,,-0.033016066301093806,0.7612173802789266,
,,,,,,,,,,,,,1.0255680916674468,,-0.16029080640553253,2.838996201776977,
,,,,,,,,,,,,,-2.4854624269075143,,-0.13390968971085476,1.5435683380781045,
,,,,,,,,,,,,,-1.3128615376248176,,-0.045079216099304334,1.431459748269399,
,,,,,,,,,,,,,2.4477452912459317,,0.08587427934072281,-2.120614140489494,
,,,,,,,,,,,,,3.0499650268890433,,0.3381022851017715,0.10222838220037772,
,,,,,,,,,,,,,-0.7999654868821395,,0.00792675296046261,1.5258389099118934,
,,,,,,,,,,,,,1.0453028130915365,,0.2590388505640336,1.8155309751961572,
,,,,,,,,,,,,,2.7291584816393253,,-0.038581701897597846,0.24011646490504837,
,,,,,,,,,,,,,2.0588522330789494,,-0.09806426047597627,0.6483912747829172,
,,,,,,,,,,,,,2.4383830622328815,,0.31826439944688095,-1.1436511285614548,
,,,,,,,,,,,,,-2.0646226382952237,,-0.14873194834418793,0.3372814159155456,
,,,,,,,,,,,,,0.4547796787863717,,-0.11922722318460365,0.30087624072653063,
,,,,,,,,,,,,,-2.644013964136767,,-0.09277633849846284,0.7662308043236296,
,,,,,,,,,,,,,0.17868586395922545,,-0.0001406723649779043,-0.6596510711884299,
,,,,,,,,,,,,,1.3235547017863813,,0.06981829286219232,-0.25855539358472907,
,,,,,,,,,,,,,1.0758199169093525,,0.08263397194022468,0.2525438480270031,
,,,,,,,,,,,,,2.350519476522134,,0.08114936358855683,0.6532224223645965,
,,,,,,,,,,,,,-0.8502823537319,,-0.06160927744948154,-0.8789359419157492,
,,,,,,,,,,,,,-1.4602239537503117,,-0.1316691686812331,-1.3384384518171728,
,,,,,,,,,,,,,-2.23081174265626,,-0.08430969957844382,-0.3713399194166524,
,,,,,,,,,,,,,-0.33583544640901775,,0.08845692682013775,-0.4940618856391222,
,,,,,,,,,,,,,1.5516692141784774,,0.1456897448195145,0.3226698423421182,
,,,,,,,,,,,,,0.24887733938719114,,0.02523690067934308,-1.2856690141780298,
,,,,,,,,,,,,,-0.4643571025006054,,-0.14171838547539334,3.831301908092345,
,,,,,,,,,,,,,1.7856887886208144,,0.11637229242261937,1.9305077032931013,
,,,,,,,,,,,,,3.519236551576128,,0.24581668249225172,-1.6671883535238823,
,,,,,,,,,,,,,0.7953522020632331,,0.15855539916062414,-0.29017661779773574,
,,,,,,,,,,,,,-2.374114321880058,,-0.2531485750117722,1.2497897834902771,
,,,,,,,,,,,,,-3.8724479663892124,,-0.2700090234906588,1.3288706373033916,
,,,,,,,,,,,,,-1.5284288553364158,,-0.06902748831684564,-1.4342381243829672,
,,,,,,,,,,,,,0.6231877829632538,,0.012417212013141,-0.10726692643312014,
,,,,,,,,,,,,,-1.0672144331772238,,-0.015157895309285699,-0.8958223116745885,
,,,,,,,,,,,,,2.1229797366669976,,0.19800370668329106,-0.11037708009248998,
,,,,,,,,,,,,,-1.2407361471534721,,-0.03918748128044451,0.9009662389508409,
,,,,,,,,,,,,,0.777000791858818,,-0.015113904045950742,0.38676632972619684,
,,,,,,,,,,,,,-0.9466928382046355,,-0.00025066444145311175,-2.1231832681184026,
,,,,,,,,,,,,,0.2296581821710519,,0.11072680830831388,-1.8467266218022724,
,,,,,,,,,,,,,-0.5298055463283489,,-0.029987157054791148,-0.5263611501021795,
,,,,,,,,,,,,,0.9850910732904266,,0.1356105319074231,-0.7652452313177595,
,,,,,,,,,,,,,-1.3601011066023865,,-0.08585442211260916,0.46387062685727626,
,,,,,,,,,,,,,-0.09340316856267243,,0.0426851305048904,-0.1655510632005354,
,,,,,,,,,,,,,1.8134157305504965,,0.20048097954824798,-0.21168680047697133,
,,,,,,,,,,,,,-1.7264856168505198,,-0.008234455773740285,0.32245309011921297,
,,,,,,,,,,,,,2.6661577815885984,,0.1451778833892916,-1.4654705841832338,
,,,,,,,,,,,,,-0.8540619269890268,,0.00766830135084509,-0.8935868329487201,
,,,,,,,,,,,,,2.2887262565879025,,0.26613342935797873,-1.2639116571409792,
,,,,,,,,,,,,,3.0831404529370707,,0.24981189113981797,-1.24962200322275,
,,,,,,,,,,,,,-1.1982014528199763,,-0.06325928072002038,0.5988965064338605,
,,,,,,,,,,,,,-0.5054267636522526,,-0.01554400795500543,1.6448438320552732,
,,,,,,,,,,,,,0.137436630119957,,-0.1245754459292711,-1.7520505172069942,
,,,,,,,,,,,,,2.1987491279532447,,0.09746727359605967,-1.9257731162339955,
,,,,,,,,,,,,,1.7456353693058326,,0.10178424736040154,-0.4052542392524556,
,,,,,,,,,,,,,-1.7252622267678188,,-0.11326142733031146,-0.7500538927893455,
,,,,,,,,,,,,,0.5050192175746198,,-0.02086151512030693,0.5350963423613248,
,,,,,,,,,,,,,3.557794017424181,,0.2836747256648452,-1.22427295844516,
,,,,,,,,,,,,,0.8820220135440419,,0.017262177421347846,-0.3275004159563163,
,,,,,,,,,,,,,-1.130953546566279,,-0.129603241226692,-0.18286288862178088,
,,,,,,,,,,,,,-2.2069429045238578,,-0.25424047401408245,-0.9008348051935097,
,,,,,,,,,,,,,1.7313598005820008,,-0.11368747520763595,-1.400314383954429,
,,,,,,,,,,,,,1.7041578111758657,,0.1530283188776943,-0.42870059278123007,
,,,,,,,,,,,,,2.4361272212156724,,0.1262000100098654,2.0522594418155142,
,,,,,,,,,,,,,-2.195182418134476,,-0.06847490922578231,-2.293199621873749,
,,,,,,,,,,,,,-0.9982421162893945,,0.023869976608330935,0.1385345314549151,
,,,,,,,,,,,,,2.747442626685077,,-0.0026786039306352836,0.010061366804128455,
,,,,,,,,,,,,,2.2897886552953954,,0.0709307259142449,0.7936937198769556,
,,,,,,,,,,,,,-1.104261657151978,,-0.021904090197135403,-0.715314574880302,
,,,,,,,,,,,,,-2.222030826362865,,-0.06482922546656716,1.5026475453654937,
,,,,,,,,,,,,,-0.5464550001395906,,-0.02965706250197964,1.6086577123129144,
,,,,,,,,,,,,,-0.7373881038727126,,-0.0698026493941178,0.29128647560572973,
,,,,,,,,,,,,,-0.073456790564921,,0.06913297184509457,0.6889757138749328,
,,,,,,,,,,,,,-0.1502005072217828,,0.012796123879333213,-0.7444944946011844,
,,,,,,,,,,,,,1.38309779776452,,0.023728329377552936,1.4359957175308553,
,,,,,,,,,,,,,4.030288315386483,,0.20377876540738535,-0.9519436835855348,
,,,,,,,,,,,,,0.8947423172252649,,0.1383666422905586,-2.0094122608814056,
,,,,,,,,,,,,,-0.8735503831766591,,0.013218195308810786,0.7911369556887772,
,,,,,,,,,,,,,-3.2764962162608495,,-0.21956717247998492,2.129278179788074,
